GID_0,Max,Mean,Min
USA,1.0744307041168213,0.33071939752747614,0.0
USA,0.14910933375358582,0.017572430434094195,0.0
USA,0.5679330825805664,0.055865297942156236,0.0
USA,1.069911241531372,0.4859062333901723,0.0
USA,1.0075534582138062,0.34607638806725544,0.0
USA,0.6819552183151245,0.07950150948017835,0.0
USA,0.10611190646886826,0.02841890371847613,0.0
USA,2.345899820327759,1.245746011393411,0.0
USA,2.006747007369995,1.188505119085312,0.0
USA,1.8485596179962158,0.7002610530172075,0.0
USA,1.3110134601593018,0.4809755521161216,0.0
USA,3.3086609840393066,1.2365727762178498,0.0
USA,1.0723856687545776,0.1860822121889214,0.0
USA,1.4329758882522583,0.5856220875467573,0.0
USA,2.345899820327759,0.878408948580424,0.0
USA,0.0,0.0,0.0
USA,0.3039323091506958,0.10731550573837012,0.0
USA,0.19760657846927643,0.028891518308747827,0.0
USA,0.3582778573036194,0.15773566416464746,0.027851471677422523
USA,0.07536296546459198,0.008482794926547084,0.0
USA,0.022707123309373856,0.0015574621054838644,0.0
USA,0.5208697319030762,0.20041384790092706,0.0
USA,0.2956954836845398,0.016174205597490072,0.0
USA,1.0793545246124268,0.25693394627887756,0.0
USA,1.0315014123916626,0.34935472293623854,0.0
USA,0.6499390006065369,0.14702781155938283,0.0
USA,0.14910933375358582,0.020119217723959082,0.0
USA,1.7284786701202393,0.7445438489317894,0.0
USA,0.8294841647148132,0.41776575446128844,0.0
USA,0.5358871221542358,0.21993339469190687,0.0
USA,0.0,0.0,0.0
USA,3.1845345497131348,1.4958472922444344,0.0
USA,2.385622024536133,1.0840140796369977,0.0
USA,1.772446870803833,0.15695147119598307,0.0
USA,0.016181623563170433,0.0010128066742254305,0.0
USA,0.7484246492385864,0.16481091414957685,0.0
USA,1.0631691217422485,0.49821876107700286,0.0
USA,1.7742550373077393,0.6199010925633567,0.0
USA,0.17113985121250153,0.07004041410982609,0.0
USA,0.2559305727481842,0.09214126666386922,0.0
USA,2.590588092803955,1.2360598631203175,0.0
USA,0.18026985228061676,0.07642963441709677,0.0
USA,0.2555963099002838,0.08994539151899517,0.0
USA,2.590588092803955,0.5656191201614482,0.0
USA,0.19022397696971893,0.06263547990885046,0.0
USA,2.7354655265808105,1.094552956065353,0.0
USA,0.5522951483726501,0.3236891631569181,0.0
USA,1.0315014123916626,0.2309698642541965,0.0
USA,0.24984422326087952,0.017013148816410896,0.0
USA,0.3397060036659241,0.051652818509111444,0.0
USA,0.06529276072978973,0.004277277666872015,0.0
USA,0.25556811690330505,0.07223186966563974,0.0
USA,1.0793545246124268,0.48854890323820566,0.0
USA,3.11749005317688,1.3976294133398268,0.0
USA,0.0,0.0,0.0
USA,1.7692153453826904,0.9489667465289434,0.0
USA,2.2516345977783203,0.35800419190588095,0.0
USA,2.037299156188965,0.6090106732991277,0.0
USA,0.8191938400268555,0.28768507732699317,0.0
USA,3.610816478729248,1.8391591012477875,0.0
USA,2.041347026824951,0.4615989468459572,0.0
USA,2.0672202110290527,0.5775343179702759,0.0
USA,1.9177967309951782,0.7396753456975732,0.0
USA,0.8845159411430359,0.3458780777596292,0.0
USA,0.6928315162658691,0.06137534289867902,0.0
USA,0.7601721882820129,0.21906470265929345,0.0
USA,0.45761576294898987,0.27993904675046605,0.14686371386051178
USA,0.024360110983252525,3.7514415689676454e-05,0.0
USA,0.31820276379585266,1.8849965313004832e-05,0.0
USA,0.0,-5906.373338130483,-9999.8994140625
USA,0.005200000014156103,-2175.7524381089065,-9999.8994140625
USA,0.0,0.0,0.0
USA,0.0,-6235.569462217134,-9999.8994140625
USA,0.005200000014156103,-2215.2116708999383,-9999.8994140625
USA,0.0,-6656.133989894034,-9999.8994140625
USA,0.18025431036949158,0.004303324870389505,0.0
USA,0.3197723925113678,0.010982004939254386,0.0
USA,0.03563999384641647,-2853.1412243329764,-9999.8994140625
USA,0.8331940770149231,0.09264056576119567,0.0
USA,0.03712649643421173,5.588972775306524e-05,0.0
USA,0.005200000014156103,-673.3938638352327,-9999.8994140625
USA,0.0,-7549.67530390042,-9999.8994140625
USA,0.0,-2894.7077251233554,-9999.8994140625
USA,0.0,-4581.6784960183395,-9999.8994140625
USA,0.0,-6339.066672044837,-9999.8994140625
USA,0.8331940770149231,0.15664208845911262,0.0
USA,0.7044850587844849,0.08422672506963572,0.0
USA,0.9515026211738586,-193.7446452097895,-9999.8994140625
USA,0.0,-5036.714043112363,-9999.8994140625
USA,0.27495938539505005,-5581.795456961946,-9999.8994140625
USA,0.0,-6013.054270619877,-9999.8994140625
USA,0.7482050657272339,0.05549090795114949,0.0
USA,0.0,-5791.438805837644,-9999.8994140625
USA,0.10005325078964233,0.006019748724178489,0.0
USA,0.0002931698691099882,4.514390951726455e-06,0.0
USA,0.24491998553276062,0.004002118128095457,0.0
USA,0.03095703385770321,0.0010658342855154818,0.0
USA,0.019541511312127113,0.0005743914814783714,0.0
USA,0.08669235557317734,0.004597026612342839,0.0
USA,0.33091121912002563,0.011498951311330616,0.0
USA,0.16508695483207703,0.004867125044399974,0.0
USA,0.1415545642375946,0.00409147384490926,0.0
USA,0.051492415368556976,0.0026885978308247966,0.0
USA,0.01080054696649313,0.00033622577356406204,0.0
USA,0.022459518164396286,0.0010417359582840997,0.0
USA,0.002358105732128024,0.0002189310719999908,0.0
USA,0.172244131565094,0.014120624766251338,0.0
USA,0.10748562961816788,0.010766421817022476,0.0
USA,2.0106470584869385,0.571962774864265,0.0
USA,7.546712398529053,3.995540962900434,0.0
USA,1.3259674310684204,0.6148093789815903,0.0
USA,0.6546667218208313,0.3576246779412031,0.0
USA,1.1027846336364746,0.5454346564412117,0.05060381442308426
USA,1.9044939279556274,0.5999596387147903,0.0
USA,0.8754874467849731,0.3227086228628953,0.0
USA,0.7258158326148987,0.24903070655252252,0.0
USA,7.546712398529053,4.009123206138611,0.0
USA,1.1320343017578125,0.18856994643630015,0.0
USA,0.4971528649330139,0.1694119479507208,0.0
USA,0.595076858997345,0.22889039292931557,0.0
USA,0.5599216818809509,0.23513382176558176,0.0
USA,3.5396151542663574,1.8339887294504378,0.0
USA,0.9362984895706177,0.38202457229296366,0.0
USA,0.47610124945640564,0.24776988429948688,0.0
USA,0.6641660332679749,0.23460256237359273,0.0
USA,0.6588983535766602,0.3790372329098838,0.0
USA,0.7156096696853638,0.43928781847159065,0.0
USA,0.7272041440010071,0.1629164906218648,0.0
USA,3.0668342113494873,1.2776528703314918,0.0
USA,3.369816303253174,1.6153299073378244,0.4566078186035156
USA,0.9362984895706177,0.21130643717737663,0.0
USA,1.292754054069519,0.3659369017396654,0.0
USA,1.2037521600723267,0.5407706002394358,0.0
USA,0.37909889221191406,0.13603219107857772,0.0
USA,0.3543005883693695,0.0817759306014826,0.0
USA,0.3728031516075134,0.18790332111530006,0.0
USA,1.6090457439422607,0.4319947117732631,0.0
USA,0.36435917019844055,0.07211908414028585,0.0
USA,0.5354334712028503,0.11670085772251089,0.0
USA,0.5890534520149231,0.13483565570786596,0.0
USA,1.2037521600723267,0.4971406027674675,0.0
USA,0.43753018975257874,0.12614991648920945,0.0
USA,0.750964343547821,0.21429617889225483,0.0
USA,1.292754054069519,0.5558875517712699,0.0
USA,3.549961566925049,1.6014467875162761,0.0
USA,0.5295333862304688,0.14578965650871395,0.0
USA,1.075235366821289,0.7687124386429787,0.0
USA,1.3366771936416626,0.5221485606261662,0.0
USA,1.2192127704620361,0.2892172772437334,0.0
USA,1.9811372756958008,0.22941439747810363,0.0
USA,0.5372605919837952,0.22639354265161923,0.0
USA,0.9329007267951965,0.1876375807360524,0.0
USA,1.6997098922729492,0.6877657284339269,0.0
USA,3.748265504837036,2.047091504292829,0.0
USA,0.6066091060638428,0.2176607386874301,0.0
USA,1.2096278667449951,0.5521780282258988,0.0
USA,0.3325008749961853,0.1514483199765285,0.04876232519745827
USA,1.7468703985214233,0.8137558511325291,0.0
USA,1.5885860919952393,0.8337286114692688,0.0
USA,1.5446101427078247,0.7274815743168195,0.0
USA,0.6194219589233398,0.17908999561849567,0.0
USA,1.8118364810943604,0.9239925288018727,0.0
USA,0.24535875022411346,0.09939308501780034,0.0
USA,0.7152808904647827,0.3963268771767616,0.2206580936908722
USA,0.1977691650390625,0.09895451038721062,0.0
USA,2.042726755142212,0.4436033188941933,0.0
USA,0.9455249905586243,0.35857630698453813,0.0
USA,0.37344637513160706,0.07753301389446413,0.0
USA,0.9176777601242065,0.2414050373248756,0.0
USA,0.8476601839065552,0.48145928978919983,0.0
USA,0.4424591660499573,0.09126035912583272,0.0
USA,0.26882773637771606,0.07771789373623,0.0
USA,2.0195376873016357,0.982951101234981,0.0
USA,0.6641660332679749,0.17080381730837482,0.0
USA,1.2192127704620361,0.22127291162808735,0.0
USA,0.5836125016212463,0.26600763286863055,0.0
USA,2.0195376873016357,0.47600225210189817,0.0
USA,4.074950218200684,1.5528602582216262,0.0
USA,2.042726755142212,0.5195293992757797,0.0
USA,0.6341241002082825,0.30483458462570395,0.0
USA,0.7287144064903259,0.19000496915369122,0.0
USA,0.9431951642036438,0.42429665972789127,0.0
USA,0.7507492303848267,0.16800921676414354,0.0
USA,1.042252540588379,0.029774645463688406,0.0
USA,0.013406684622168541,0.0002736058086156845,0.0
USA,0.051839184015989304,0.0010874311439692975,0.0
USA,0.023238252848386765,0.00030063474550843237,0.0
USA,0.0652458667755127,0.0020820988257500258,0.0
USA,0.009831569157540798,0.00014896316905364847,0.0
USA,0.013406684622168541,0.0002681336924433708,0.0
USA,0.02900921367108822,0.0017230255226235067,0.0
USA,0.02800000086426735,0.0011648351664317177,0.0
USA,0.1272604763507843,0.002267202427963981,0.0
USA,0.019484868273139,0.0005330261351032691,0.0
USA,0.2685691714286804,0.0022993666590826415,0.0
USA,0.46930041909217834,0.04700653940232406,0.0
USA,0.07954633235931396,0.0005944165659457212,0.0
USA,0.1126161590218544,0.0032570037794039156,0.0
USA,0.1126161590218544,0.007552392525313836,0.0
USA,0.04647650569677353,0.000645507023566299,0.0
USA,0.01216515339910984,5.430872053174036e-05,0.0
USA,0.1505960077047348,0.003863787294334679,0.0
USA,0.10814724862575531,0.006552251727870581,0.0
USA,0.06382714956998825,0.00380734017207509,0.0
USA,0.0,0.0,0.0
USA,0.034857381135225296,0.000261787336165383,0.0
USA,0.16177400946617126,0.006673634362717469,0.0
USA,0.03400000184774399,0.00023611112394266657,0.0
USA,0.019663138315081596,0.00010920392782031464,0.0
USA,0.10010324418544769,0.0030194409118769073,0.0
USA,0.03217604383826256,0.0006703342466304699,0.0
USA,0.07899999618530273,0.002345237986273354,0.0
USA,0.011619126424193382,0.000484297009961665,0.0
USA,0.07899999618530273,0.001482142788258248,0.0
USA,0.0,0.0,0.0
USA,0.8125708699226379,0.06560741765394382,0.0
USA,0.0,0.0,0.0
USA,0.16177400946617126,0.006520046304062403,0.0
USA,0.14842796325683594,0.0034907252318110917,0.0
USA,0.27753299474716187,0.02191584830217669,0.0
USA,0.1031726598739624,0.015908947746668543,0.0
USA,0.02770715020596981,0.0006200046239731213,0.0
USA,0.02770715020596981,0.001241599404020235,0.0
USA,1.042252540588379,0.06948666287784623,0.0
USA,0.1896793097257614,0.005761985027146057,0.0
USA,1.042252540588379,0.02991705118459074,0.0
USA,0.24744781851768494,0.009035178702515623,0.0
USA,0.022999998182058334,0.0003157894568223702,0.0
USA,0.0,0.0,0.0
USA,0.04656356945633888,0.0014372703823910067,0.0
USA,0.08848412334918976,0.001820660972346862,0.0
USA,0.025025811046361923,0.0005793011816287482,0.0
USA,0.07686499506235123,0.0006768253025174173,0.0
USA,0.0,0.0,0.0
USA,0.01608802191913128,0.00012096257082053594,0.0
USA,0.04656356945633888,0.001211877587514046,0.0
USA,0.1126161590218544,0.002063003968557014,0.0
USA,0.07239609956741333,0.0011296373429811662,0.0
USA,0.0354270413517952,0.0009327697590572026,0.0
USA,0.08848412334918976,0.001264058904988425,0.0
USA,0.0,0.0,0.0
USA,0.2104800045490265,0.015139957971405238,0.0
USA,0.0,0.0,0.0
USA,0.12404821813106537,0.013528474835038651,0.0
USA,0.0036000001709908247,9.01818196077577e-05,0.0
USA,0.41120749711990356,0.037355197238780204,0.0
USA,0.281154602766037,0.1028283987834584,0.003246122971177101
USA,0.0,0.0,0.0
USA,0.0,0.0,0.0
USA,0.0,0.0,0.0
USA,0.8093608021736145,0.23763113877139402,0.0
USA,0.0,0.0,0.0
USA,0.0036000001709908247,0.00011345454629256644,0.0
USA,0.1419999897480011,0.004894999717180326,0.0
USA,0.02828771248459816,0.005321599781953929,0.0
USA,0.21220001578330994,0.029713778880735238,0.0
USA,0.019999999552965164,0.00033333332588275275,0.0
USA,0.05791999772191048,0.0031199999211821705,0.0
USA,0.028832074254751205,0.0015218163340856943,0.0
USA,0.038999997079372406,0.0009533332638619911,0.0
USA,0.029639998450875282,0.0009371972310570224,0.0
USA,0.09232000261545181,0.0066462897687758074,0.0
USA,0.19897012412548065,0.028354442189703895,0.0
USA,0.04899999871850014,0.002563333274641385,0.0
USA,0.13891999423503876,0.007477954343068466,0.0
USA,0.0,0.0,0.0
USA,0.057120002806186676,0.003825928065688694,0.0
USA,0.0034400001168251038,2.0102564639483506e-05,0.0
USA,0.1398800015449524,0.005354285714669719,0.0
USA,0.15307998657226562,0.0035274998529833588,0.0
USA,0.18612000346183777,0.046139089804042174,0.0
USA,0.0,0.0,0.0
USA,0.3489586412906647,0.12666981499933172,0.0
USA,0.7124986052513123,0.10360746660360466,0.0
USA,0.01599999889731407,0.0007575892349580369,0.0
USA,0.0,0.0,0.0
USA,0.07924000173807144,0.004213214142509969,0.0
USA,0.4066201150417328,0.04254010391861187,0.0
USA,0.11479999870061874,0.01054890155604274,0.0
USA,0.04148000106215477,0.0027179384612411794,0.0
USA,0.3271161615848541,0.015370243410062458,0.0
USA,0.033399999141693115,0.003194285724644682,0.0
USA,0.7757507562637329,0.16280162296156134,0.0
USA,0.024639999493956566,0.0015631396944828138,0.0
USA,0.034162428230047226,0.0010408080803851287,0.0
USA,0.18727998435497284,0.01582781924723046,0.0
USA,0.281154602766037,0.03052024783937668,0.0
USA,0.1571599841117859,0.014066285376403746,0.0
USA,0.022999998182058334,0.00022999998182058335,0.0
USA,0.00703999912366271,0.0008545064493929999,0.0
USA,0.0,0.0,0.0
USA,0.2294580489397049,0.036998627212568636,0.0
USA,0.04899999871850014,0.003041033683985006,0.0
USA,0.8779903650283813,0.16195701177540203,0.0
USA,0.001999999862164259,6.799999682698399e-05,0.0
USA,0.4092799723148346,0.0708773284769214,0.0
USA,0.21220001578330994,0.005297778015256269,0.0
USA,0.1571599841117859,0.017278665959990273,0.0
USA,0.1571599841117859,0.00844437408585301,0.0
USA,0.07439999282360077,0.0083582512839452,0.0
USA,0.0009999999310821295,2.5714284025265704e-05,0.0
USA,0.0,0.0,0.0
USA,0.04446955770254135,0.0016128135816971835,0.0
USA,0.3375999927520752,0.02379953197421194,0.0
USA,0.2285199910402298,0.02411342282811134,0.0
USA,0.0,0.0,0.0
USA,0.0,0.0,0.0
USA,0.0,0.0,0.0
USA,0.0,0.0,0.0
USA,0.0,0.0,0.0
USA,0.0,0.0,0.0
USA,0.0,0.0,0.0
USA,0.0,0.0,0.0
USA,0.004603150300681591,0.00027737499745160763,0.0
USA,0.0,0.0,0.0
USA,0.004603150300681591,0.0009539342846827432,0.0
USA,0.0005762313376180828,0.00014443007259817224,0.0
USA,0.0,0.0,0.0
USA,0.0,0.0,0.0
USA,0.008084345608949661,0.0004973601878321331,0.0
USA,0.0,0.0,0.0
USA,0.008960109204053879,0.00016010047617676825,0.0
USA,0.007522346917539835,0.00014466051764499681,0.0
USA,0.0,0.0,0.0
USA,0.0207199789583683,0.002806412290266491,0.0
USA,0.0,0.0,0.0
USA,0.001671632518991828,0.00016716325189918279,0.0
USA,0.0,0.0,0.0
USA,0.0,0.0,0.0
USA,0.0207199789583683,0.003689754183142213,0.0
USA,0.0,0.0,0.0
USA,0.018769359216094017,0.002093071506048242,0.0
USA,0.0704553872346878,0.005510238233910059,0.0
USA,0.11735192686319351,0.022600367289269344,0.0
USA,0.0,0.0,0.0
USA,0.0,0.0,0.0
USA,0.0,0.0,0.0
USA,0.0,0.0,0.0
USA,0.0,0.0,0.0
USA,0.0,0.0,0.0
USA,0.011026574298739433,0.0008012162397790235,0.0
USA,0.0,0.0,0.0
USA,0.0,0.0,0.0
USA,0.023057952523231506,0.0017436304642615141,0.0
USA,0.005850714631378651,0.0005223851933676217,0.0
USA,0.0,0.0,0.0
USA,0.0,0.0,0.0
USA,0.0,0.0,0.0
USA,0.0,0.0,0.0
USA,0.0,0.0,0.0
USA,0.08158613741397858,0.0021202292712102946,0.0
USA,0.05355678126215935,0.0028564545677909337,0.0
USA,0.0,0.0,0.0
USA,0.0,0.0,0.0
USA,0.0,0.0,0.0
USA,0.0,0.0,0.0
USA,0.013373060151934624,0.0010375553991512527,0.0
USA,0.0021015508100390434,8.690788090461865e-05,0.0
USA,0.0,0.0,0.0
USA,0.0,0.0,0.0
USA,0.0,0.0,0.0
USA,0.01172534842044115,0.0003692780834777902,0.0
USA,0.012556284666061401,0.001015939492000533,0.0
USA,0.00015761630493216217,3.7527691650514803e-06,0.0
USA,0.0,0.0,0.0
USA,0.029881427064538002,0.0008774704377477368,0.0
USA,0.0,0.0,0.0
USA,0.003343265037983656,9.286847327732378e-05,0.0
USA,0.005850714631378651,0.0007761151479956295,0.0
USA,0.029881427064538002,0.0016521851469249926,0.0
USA,0.05870550870895386,0.0018391444821948728,0.0
USA,0.011619126424193382,0.0011603643308717437,0.0
USA,0.0,0.0,0.0
USA,0.03570743650197983,0.0027136376368919932,0.0
USA,0.010865611955523491,0.0006683439633990121,0.0
USA,0.0024430525954812765,0.00010179385814505319,0.0
USA,0.0,0.0,0.0
USA,0.0,0.0,0.0
USA,0.0,0.0,0.0
USA,0.0,0.0,0.0
USA,0.09539070725440979,0.007380521302952224,0.0
USA,0.0,0.0,0.0
USA,0.008548098616302013,0.0015754081167480244,0.0
USA,0.007424046751111746,0.000723282856467579,0.0
USA,0.43416792154312134,0.06337072746828198,0.0
USA,0.13745251297950745,0.024434258469328698,0.0
USA,0.12874403595924377,0.02538730914966436,0.0
USA,0.009255317971110344,0.0003902127190637354,0.0
USA,0.662862241268158,0.12040570246463175,0.0
USA,2.745582103729248,1.5801640272140502,0.0
USA,1.8473361730575562,0.5664381504058837,0.0
USA,2.088017225265503,0.9233235985040664,0.0
USA,0.09880231320858002,0.013061755362691151,0.0
USA,0.008551554754376411,0.00032166398596018554,0.0
USA,0.37828129529953003,0.14710350362583996,0.0
USA,0.3733087182044983,0.058194672188255935,0.0
USA,0.011619126424193382,0.0009609091860641327,0.0
USA,0.0,0.0,0.0
USA,0.3910897374153137,0.05541486345221832,0.0
USA,0.3910897374153137,0.06368508773101937,0.0
USA,3.031975746154785,0.6190903233666042,0.0
USA,0.13193415105342865,0.05734852763513724,0.0
USA,0.11124864965677261,0.012667806337897975,0.0
USA,0.003999999724328518,0.00041666665088592307,0.0
USA,0.04022005572915077,0.0085426811943762,0.0
USA,1.6102869510650635,0.48248647935688493,0.0
USA,0.6715177297592163,0.3440530598163605,0.0
USA,0.024132031947374344,0.0005213710610405542,0.0
USA,0.4267539978027344,0.08730471459039975,0.0
USA,0.5491255521774292,0.14874527167994528,0.0
USA,1.1530851125717163,0.5425163522362709,0.0
USA,1.3548718690872192,0.6603267848491668,0.0
USA,0.3391338288784027,0.1013019618888696,0.0
USA,0.03841901570558548,0.004259486775481491,0.0
USA,0.1270454227924347,0.05249715379128853,0.0
USA,0.008316190913319588,0.0005413079372968297,0.0
USA,1.3548718690872192,0.5449258707463741,0.0
USA,0.13745251297950745,0.013702038978226482,0.0
USA,0.004627658519893885,0.00019281910499557853,0.0
USA,2.7075400352478027,1.0325317606329918,0.0
USA,0.0,0.0,0.0
USA,0.9740852117538452,0.23867517818386355,0.0
USA,0.5309479236602783,0.24153631230195363,0.0
USA,0.05804518982768059,0.011824564965597044,0.0
USA,0.7268565893173218,0.24417532086372376,0.0
USA,1.108586072921753,0.33233967213891447,0.0
USA,0.0005123406881466508,1.7078022938221694e-05,0.0
USA,1.3811819553375244,0.10113491594791413,0.0
USA,0.9471937417984009,0.14433363366073795,0.0
USA,0.08957727998495102,0.023300481928163207,0.0
USA,0.11124864965677261,0.007492222376943876,0.0
USA,1.0291047096252441,0.36064330736796063,0.0
USA,0.03841901570558548,0.002820136958810811,0.0
USA,0.0,0.0,0.0
USA,0.12716159224510193,0.023001449912165604,0.0
USA,1.5174421072006226,0.466177295272549,0.0
USA,0.20020648837089539,0.02694174613792538,0.0
USA,0.34785765409469604,0.0693463088828139,0.0
USA,0.8524631261825562,0.11473284459789283,0.0
USA,0.495391845703125,0.11328509325782458,0.0
USA,2.0172343254089355,0.7419730441437827,0.0
USA,1.9997632503509521,0.8436209052801132,0.0
USA,3.8533923625946045,1.9441024735569954,0.0
USA,1.9997632503509521,0.18513275349849007,0.0
USA,0.6050621271133423,0.1703817916413148,0.0
USA,0.07629953324794769,0.024194518228371938,0.0
USA,0.004999999888241291,0.0005692331821794343,0.0
USA,0.984057605266571,0.43643518454498714,0.0
USA,0.0005123406881466508,2.561703440733254e-05,0.0
USA,0.08504358679056168,0.032365914648398754,0.0
USA,2.18440580368042,0.5196403223607275,0.0
USA,2.6625730991363525,0.7089626859128475,0.0
USA,2.745582103729248,1.2983344862858455,0.0
USA,0.6710840463638306,0.09920227499013501,0.0
USA,2.5614874362945557,1.3978199243545533,0.0
USA,2.282047748565674,1.1903859556963046,0.0
USA,3.8533923625946045,1.1406717840582132,0.0
USA,1.4755668640136719,0.6483428202569484,0.0
USA,0.19365277886390686,0.06539299696063001,0.0
USA,0.42089706659317017,0.12515602298080922,0.0
USA,0.09880231320858002,0.009980779399484163,0.0
USA,2.745582103729248,1.2815494693815708,0.0
USA,0.44821128249168396,0.1491126012802124,0.0
USA,0.1855451911687851,0.03865851730806753,0.0
USA,1.7107057571411133,0.11707206271239556,0.0
USA,0.4387386739253998,0.11431455094134435,0.0
USA,0.20020648837089539,0.029367023850292235,0.0
USA,0.662862241268158,0.1588434780272655,0.0
USA,0.7873889207839966,0.28013272723183036,0.0
USA,0.0010983648244291544,9.153040203576286e-05,0.0
USA,0.27166321873664856,0.01849560256885859,0.0
USA,0.05013250559568405,0.00671963871573098,0.0
USA,0.34785765409469604,0.02463787110658207,0.0
USA,1.0094611644744873,0.1704849079810083,0.0
USA,0.12478524446487427,0.012183651726445532,0.0
USA,0.0,0.0,0.0
USA,1.2179076671600342,0.22200083532370626,0.0
USA,0.42089706659317017,0.15715076114671925,0.0
USA,2.400968551635742,0.5897756472229958,0.0
USA,0.5491255521774292,0.15664365297804275,0.0
USA,0.727030873298645,0.12963998579070904,0.0
USA,0.00648497324436903,0.0005121994827277376,0.0
USA,1.121520757675171,0.3398090335726738,0.0
USA,0.0,0.0,0.0
USA,0.009255317971110344,0.001154698546012393,0.0
USA,0.5309479236602783,0.19510444968938828,0.0
USA,0.12442904710769653,0.01310016274995481,0.0
USA,0.2804790735244751,0.09279320276342333,0.0
USA,0.8524631261825562,0.4088389456272125,0.0
USA,2.282047748565674,0.9323293263713519,0.0
USA,0.2804790735244751,0.10220019556581975,0.0
USA,0.3665026128292084,0.12673644977621734,0.0
USA,0.18218131363391876,0.06489773125698169,0.0
USA,2.9180288314819336,1.4566793709993362,0.0
USA,0.4546383023262024,0.24977424088865519,0.0
USA,0.5404333472251892,0.2442640980084737,0.0
USA,0.01358179934322834,0.004708349153224845,0.0
USA,0.7873889207839966,0.41140354548891384,0.1380317658185959
USA,2.6887505054473877,1.7493974566459656,0.0
USA,0.6063433289527893,0.16732075030449778,0.0
USA,0.662862241268158,0.1297393672517501,0.0
USA,0.0006276370259001851,6.973744732224279e-05,0.0
USA,1.5327781438827515,0.21782748984904693,0.0
USA,0.9741318821907043,0.08734124767943285,0.0
USA,2.7837278842926025,1.2288033261762135,0.0
USA,0.2373456507921219,0.08929998916573822,0.0
USA,0.19037416577339172,0.06437766852064265,0.0
USA,3.031975746154785,0.2944669157279552,0.0
USA,0.0,0.0,0.0
USA,0.7385889291763306,0.2601547546684742,0.0
USA,4.505727767944336,2.00644580523173,0.0
USA,0.5173690319061279,0.06748405362789829,0.0
USA,0.1269395649433136,0.026879511041139875,0.0
USA,0.6747021079063416,0.16791210144758226,0.0
USA,0.06343430280685425,0.013042208833212499,0.0
USA,0.0896681398153305,0.012571492046117783,0.0
USA,0.49191269278526306,0.23802483547478914,0.0
USA,0.2581941783428192,0.030286880286543496,0.0
USA,1.6864213943481445,0.2716059896396473,0.0
USA,0.0,0.0,0.0
USA,0.002057731617242098,0.00020109650504309683,0.0
USA,0.057977963238954544,0.008256876860590031,0.0
USA,0.03165236860513687,0.00468683170620352,0.0
USA,0.013572650961577892,0.0018691306177061051,0.0
USA,1.306715726852417,1.0191249698400497,0.592984139919281
USA,0.19115081429481506,0.02658926689400687,0.0
USA,0.2264193594455719,0.04991340344073251,0.0
USA,0.12252466380596161,0.017985722229350357,0.0
USA,0.7873889207839966,0.3141853861510754,0.0
USA,0.7421486377716064,0.3480098867416382,0.0
USA,0.3870769143104553,0.16905522098143896,0.0
USA,0.024132031947374344,0.0009831482981098815,0.0
USA,0.06629655510187149,0.012760874242909873,0.0
USA,0.5304250717163086,0.07864223497121461,0.0
USA,0.0794353112578392,0.014984515652637734,0.0
USA,0.5173690319061279,0.13678073650225997,0.0
USA,0.31997716426849365,0.06276997661218048,0.0
USA,1.6459083557128906,0.3880528650479391,0.0
USA,0.984057605266571,0.4438792824745178,0.0
USA,0.3584544062614441,0.08574604868190364,0.0
USA,0.22647492587566376,0.04965896481880918,0.0
USA,0.020398203283548355,0.002212417488529657,0.0
USA,0.009255317971110344,0.0005157680638755362,0.0
USA,0.06697399914264679,0.0021504383801671098,0.0
USA,0.04399999976158142,0.006607142701146326,0.0
USA,0.026689717546105385,0.018172429408878088,0.012000000104308128
USA,0.10900000482797623,0.0004129870149641584,0.0
USA,0.05419227480888367,0.003551870447284143,0.0
USA,0.0,0.0,0.0
USA,0.0,0.0,0.0
USA,0.04099999740719795,0.0041127648122775366,0.0
USA,0.04866061359643936,0.0014954648379768645,0.0
USA,0.0,0.0,0.0
USA,0.09230483323335648,0.0061990946279765575,0.0
USA,0.20080001652240753,0.0016652702141234062,0.0
USA,0.044999998062849045,0.00254859682725091,0.0
USA,0.0,0.0,0.0
USA,0.06582074612379074,0.002204688997673137,0.0
USA,0.0018223195802420378,0.0001656654163856398,0.0
USA,0.0,0.0,0.0
USA,0.03831999748945236,0.0018125009466341546,0.0
USA,0.0,0.0,0.0
USA,0.02800000086426735,0.0014619829487942514,0.0
USA,0.03181658312678337,0.0002948002220163496,0.0
USA,0.0,0.0,0.0
USA,0.036080002784729004,0.0008417437559013965,0.0
USA,0.20080001652240753,0.002183084507420545,0.0
USA,0.05443999916315079,0.0019369977073197054,0.0
USA,0.18565328419208527,0.008188029631440129,0.0
USA,0.0,0.0,0.0
USA,0.0,0.0,0.0
USA,1.210319844346941e-08,3.3619995676303915e-10,0.0
USA,0.12104000151157379,0.002000182929653037,0.0
USA,0.02492620050907135,0.0005301145267569356,0.0
USA,0.0,0.0,0.0
USA,0.0,0.0,0.0
USA,0.0,0.0,0.0
USA,0.064568892121315,0.00036391595157121107,0.0
USA,0.0,0.0,0.0
USA,2.6799941821309403e-08,7.261919776624381e-10,0.0
USA,0.02492620050907135,0.0008902214467525482,0.0
USA,1.3832227807597519e-08,6.213695669110564e-10,0.0
USA,0.0,0.0,0.0
USA,0.037984415888786316,0.0033232023268078355,0.0
USA,0.06833698600530624,0.0010590925467786965,0.0
USA,0.0,0.0,0.0
USA,0.037984415888786316,0.00046894789937371823,0.0
USA,0.036080002784729004,0.0008883090793880491,0.0
USA,0.0,0.0,0.0
USA,0.04772483557462692,0.00043386331261129643,0.0
USA,0.022999998182058334,0.00028113634867953476,0.0
USA,0.0,0.0,0.0
USA,0.9201771020889282,0.47007492312363214,0.0
USA,0.39257845282554626,0.13762464858591555,0.0
USA,0.6673188209533691,0.46412939112633467,0.24288849532604218
USA,0.007999999448657036,0.003499999914007882,0.0
USA,1.0486723184585571,0.3819802314043045,0.0
USA,0.5697070360183716,0.19784529833123088,0.0
USA,1.4866559505462646,0.618466767999861,0.0
USA,0.11799999326467514,0.05733692446457488,0.0
USA,1.6006214618682861,0.9040594328017462,0.0
USA,0.640320360660553,0.35727095958732424,0.1424577832221985
USA,0.5392242074012756,0.3777450488673316,0.0
USA,0.06436198949813843,0.016488717376584344,0.0
USA,0.46098870038986206,0.2678686946630478,0.12165838479995728
USA,0.8254867792129517,0.512846942458834,0.0
USA,0.3388065695762634,0.14870196767151356,0.024592284113168716
USA,0.28159099817276,0.06366833854958208,0.0
USA,0.06659546494483948,0.03370425966568291,0.0
USA,0.2730029225349426,0.11124019976705313,0.02137945219874382
USA,0.08050747960805893,0.014477436091900537,0.0
USA,0.4692164361476898,0.19635919046898684,0.0
USA,0.29140329360961914,0.15754015956606185,0.0
USA,0.13881497085094452,0.05127497453941032,0.002710616448894143
USA,0.24546858668327332,0.06093114347313531,0.0
USA,1.9023702144622803,0.5079996720887721,0.0
USA,0.29106175899505615,0.18467604294419288,0.09097643196582794
USA,0.8489381670951843,0.3454525477829434,0.0
USA,0.46232399344444275,0.1317863779104486,0.0
USA,0.22101759910583496,0.14209306529826587,0.0
USA,1.274346947669983,0.6436494077954974,0.0
USA,0.49056276679039,0.1700289008207619,0.0
USA,1.4879378080368042,0.8556922554969788,0.0
USA,0.09096188098192215,0.019891840587370098,0.0
USA,1.6399528980255127,0.5331294864416123,0.06579697132110596
USA,0.9820222854614258,0.5555854371615818,0.0
USA,0.7619234323501587,0.3379639945924282,0.0
USA,0.6331933736801147,0.3482456296682358,0.0
USA,0.7165241241455078,0.3456952166226175,0.0
USA,0.3493199944496155,0.2103530274970191,0.06672023236751556
USA,0.21466490626335144,0.10829122724632421,0.0
USA,0.395975261926651,0.10585764379551013,0.0
USA,0.5403794050216675,0.2875794942180316,0.0
USA,1.4866559505462646,0.7019068857034048,0.0
USA,0.09300000220537186,0.02247222198639065,0.0
USA,0.22490613162517548,0.13268002250697464,0.019281912595033646
USA,0.10687398910522461,0.013334571012334588,0.0
USA,0.32351869344711304,0.15044987760484219,0.0
USA,0.02071326971054077,0.006001283179405921,0.0
USA,1.0173839330673218,0.5343025137980779,0.2572711110115051
USA,0.15241262316703796,0.03843513276660815,0.0
USA,0.28159099817276,0.09998287089692895,0.0003004209720529616
USA,0.2258564978837967,0.10577651346102357,0.0
USA,0.10415909439325333,0.048275383218424395,0.0083596957847476
USA,0.19997429847717285,0.0694411298657845,0.0
USA,0.36583709716796875,0.21748228048284848,0.0
USA,0.5176396369934082,0.29617893050114313,0.0
USA,0.8288952708244324,0.5338727773891555,0.0
USA,0.7815133333206177,0.4746988136321306,0.0
USA,0.5740044713020325,0.41204625368118286,0.23589035868644714
USA,0.394582062959671,0.1893202563126882,0.0
USA,1.6006214618682861,0.4597245227131579,0.0
USA,0.9497674703598022,0.412665726741155,0.0
USA,1.0341781377792358,0.7245125994086266,0.290452778339386
USA,0.10687398910522461,0.0064778127331616515,0.0
USA,0.46232399344444275,0.13925123352695395,0.0
USA,0.8069788217544556,0.2892896763980389,0.0
USA,0.7362993955612183,0.26841112940261763,0.0
USA,0.680480420589447,0.27613210181395215,0.0
USA,0.6971262693405151,0.29179277838695616,0.0
USA,1.1851513385772705,0.6047039397060872,0.0
USA,0.6479531526565552,0.31170248687267305,0.0
USA,0.07699999958276749,0.027116334240417928,0.0
USA,0.5333531498908997,0.2475244537705467,0.0
USA,0.3741796016693115,0.20832804217934608,0.07731885462999344
USA,0.4959811568260193,0.33365873495737713,0.0
USA,1.3874675035476685,0.5989340000682407,0.0
USA,0.9625928997993469,0.4433339734872182,0.0
USA,0.28205737471580505,0.11238355574508509,0.0
USA,0.394582062959671,0.21644957239429155,0.0
USA,0.42275261878967285,0.16190929348979677,0.0
USA,0.40877217054367065,0.18644055016338826,0.0
USA,0.4737606644630432,0.07773246256013712,0.0
USA,0.8254867792129517,0.33842205859365915,0.0
USA,0.27680307626724243,0.10715121158864349,0.010918444022536278
USA,0.9404115676879883,0.39203246903640254,0.0
USA,1.6006214618682861,0.6218515145592391,0.0
USA,1.1570614576339722,0.8187680840492249,0.0
USA,0.6479531526565552,0.2838503917058309,0.0
USA,0.7165241241455078,0.40977774063746136,0.0
USA,0.09699999541044235,0.056374998802008726,0.012999999336898327
USA,0.477961927652359,0.23347432890108655,0.0
USA,0.1881914585828781,0.08974732854403555,0.0
USA,0.48451584577560425,0.2592053981763976,0.11880818754434586
USA,1.155927300453186,0.3804218742251396,0.0
USA,0.8820340037345886,0.44664542078971864,0.14821676909923553
USA,0.8178472518920898,0.36176518563713345,0.0
USA,2.345879077911377,0.6085535923817328,0.11459865421056747
USA,3.5498580932617188,1.08742666443189,0.0
USA,0.35965487360954285,0.16241440549492836,0.06184473633766174
USA,0.26877325773239136,0.05769923930913339,0.0
USA,0.18991829454898834,0.09806067263707519,0.034609876573085785
USA,0.04899999871850014,0.015499999484745786,0.0009999999310821295
USA,0.46388959884643555,0.14892776194028556,0.0
USA,0.4432521462440491,0.3299077218398452,0.13332435488700867
USA,0.44079405069351196,0.265481944133838,0.11233825981616974
USA,0.3496571481227875,0.1693192568421364,0.0
USA,0.17484313249588013,0.14563818722963334,0.11020012944936752
USA,0.25634142756462097,0.1952781586183442,0.108678437769413
USA,1.1046925783157349,0.3740634859229128,0.08221975713968277
USA,0.23400230705738068,0.1262955740094185,0.07179009914398193
USA,0.3764778673648834,0.11758664697408676,0.0
USA,0.16595785319805145,0.06649604365229607,0.0
USA,0.417815625667572,0.06405848911630788,0.0
USA,0.1727244108915329,0.028862863569520412,0.0
USA,0.6703235507011414,0.3116350471973419,0.10987895727157593
USA,0.19997969269752502,0.09309508884325624,0.0
USA,0.13311558961868286,0.059667106717824936,0.0
USA,0.26389026641845703,0.1425062264005343,0.06644045561552048
USA,0.2105681598186493,0.11238354668021203,0.0
USA,0.3370705246925354,0.2022925764322281,0.0
USA,0.32068610191345215,0.19680752381682395,0.06258387863636017
USA,0.13349778950214386,0.04410849502310157,0.00466195959597826
USA,0.120879627764225,0.07181084431707858,0.008725862018764019
USA,0.2983606159687042,0.20739861205220222,0.0
USA,0.417815625667572,0.2831362850136227,0.07773302495479584
USA,0.2963155508041382,0.16029187217354773,0.0
USA,0.297463983297348,0.20308785637219748,0.12041179835796356
USA,0.22465476393699646,0.06819684005209378,0.0
USA,1.314989447593689,0.4629857665859163,0.0
USA,0.29976826906204224,0.16031689383089542,0.058495230972766876
USA,0.17102713882923126,0.05700386120588519,0.0023961018305271864
USA,0.42989176511764526,0.23157265689224005,0.13859952986240387
USA,0.24408158659934998,0.18769900798797606,0.11657844483852386
USA,0.44244247674942017,0.19188836246728896,0.0
USA,0.6367005109786987,0.34741372540593146,0.15524142980575562
USA,0.32068610191345215,0.2397101975977421,0.16380764544010162
USA,0.6703235507011414,0.312511346820328,0.10718826204538345
USA,0.22066286206245422,0.11221273243427277,0.058495230972766876
USA,0.3496571481227875,0.10115797830124697,0.0
USA,0.15912660956382751,0.03792681022148047,0.0
USA,0.4205760061740875,0.22974480353295804,0.10790159553289413
USA,0.18782567977905273,0.07608935811246435,0.0
USA,0.3496571481227875,0.16935253620147706,0.0
USA,0.3476216495037079,0.23986795420447984,0.16782806813716888
USA,0.7205603122711182,0.09648627644249548,0.0
USA,0.22465476393699646,0.11812045097351075,0.0
USA,0.1263304352760315,0.09189490058148901,0.060557592660188675
USA,0.19292844831943512,0.08738374694560964,0.0
USA,0.04666228964924812,0.011850492169573304,0.0
USA,0.1738303303718567,0.10584326442331075,0.039332546293735504
USA,0.29976826906204224,0.19905446904400984,0.06258387863636017
USA,0.271181583404541,0.17493316382169724,0.0
USA,0.09137540310621262,0.038307243844610636,0.000949057110119611
USA,0.13349778950214386,0.09347140615185102,0.033679794520139694
USA,0.25067776441574097,0.15661520771682264,0.035804152488708496
USA,0.20578789710998535,0.08818373501300812,0.0
USA,1.1046925783157349,0.494150510430336,0.14870986342430115
USA,0.3515097498893738,0.20861103540907303,0.0
USA,0.17484313249588013,0.09897007550009423,0.012337212450802326
USA,0.26389026641845703,0.12332353616754214,0.07482796907424927
USA,0.29257088899612427,0.16167480777949095,0.05638468265533447
USA,0.27157676219940186,0.14901541955769063,0.09115578234195709
USA,0.2823996841907501,0.08768376504303887,0.0
USA,0.2716306447982788,0.12050443548709154,0.0
USA,0.22679480910301208,0.05435886324072878,0.0
USA,0.2607261836528778,0.07059631630778312,0.0
USA,0.11498860269784927,0.04860157942554603,0.0
USA,1.314989447593689,0.5499489694833756,0.0
USA,0.09402868896722794,0.04288288783282042,0.009422293864190578
USA,0.6423654556274414,0.24742011576890946,0.0
USA,0.2911589443683624,0.2106677692383528,0.10790159553289413
USA,0.19487515091896057,0.126396718993783,0.0
USA,0.25749945640563965,0.19801128469407558,0.15796002745628357
USA,0.08326705545186996,0.024962055429350583,0.0
USA,0.13086113333702087,0.06394010855971526,0.0
USA,0.30779799818992615,0.19188433825969697,0.0
USA,0.22154346108436584,0.05318347274636229,0.0
USA,0.020851943641901016,0.011683250327284138,0.0
USA,0.1263304352760315,0.09450423549860716,0.04744451865553856
USA,0.05932275205850601,0.01675649646980067,0.0
USA,0.29257088899612427,0.12437095493078232,0.0
USA,0.5634725093841553,0.22699227571487426,0.0463808998465538
USA,0.6487135887145996,0.3970947613318761,0.23629236221313477
USA,0.297463983297348,0.22964120573467678,0.13713429868221283
USA,1.0617198944091797,0.42635430296262106,0.0
USA,0.4181390702724457,0.13469478587753006,0.0
USA,0.021577203646302223,0.006638246553484351,0.0
USA,0.25067776441574097,0.1548043373040855,0.058495230972766876
USA,0.4181390702724457,0.1547509241104126,0.0
USA,0.4593178331851959,0.13494715148893496,0.0
USA,0.18620140850543976,0.07601799339366457,0.0
USA,0.32775017619132996,0.23324092850089073,0.13372914493083954
USA,0.4170745313167572,0.169697898440063,0.0
USA,0.15912660956382751,0.06197551862957577,0.0
USA,0.2623428404331207,0.1359662663191557,0.07579827308654785
USA,1.9229583740234375,0.2884447442393139,0.0
USA,0.019879978150129318,0.004017271002541456,1.8154796777025695e-08
USA,0.28759971261024475,0.045068688993342224,0.0
USA,0.10898272693157196,0.03721595640915135,0.006520079914480448
USA,1.9229583740234375,0.19607811599504202,0.0
USA,0.3695196807384491,0.04343798949848861,0.0009999999310821295
USA,0.8098793029785156,0.16973486845381558,0.0
USA,1.8543599843978882,0.577288112603128,0.032599981874227524
USA,0.2763597369194031,0.08181493012428594,0.0037599962670356035
USA,0.39459970593452454,0.10397826965587835,0.01451999880373478
USA,0.0,0.0,0.0
USA,0.16451986134052277,0.036267970222979784,0.0022399977315217257
USA,0.03299997001886368,0.0014613320148782805,0.0
USA,0.2047998160123825,0.010662167542635789,0.0
USA,1.9229583740234375,0.21437088369202684,0.00045768413110636175
USA,0.026999998837709427,0.01000000013956374,0.0
USA,0.31219998002052307,0.03450266593911996,0.0
USA,0.0,0.0,0.0
USA,0.18787983059883118,0.030519972260663053,0.0
USA,0.008799990639090538,0.0012280468739472416,0.0
USA,0.0,0.0,0.0
USA,0.3774000108242035,0.04272666422184557,0.0
USA,0.12316004931926727,0.03250078308499522,0.0
USA,0.23227998614311218,0.034348570244349376,0.0
USA,2.4492380619049072,0.43993827160447835,0.0
USA,0.17775015532970428,0.06299642052035778,0.006767577026039362
USA,0.03189517930150032,0.0031048150470761593,0.0
USA,0.6291993856430054,0.1476799025743579,0.007999999448657036
USA,0.6148693561553955,0.30274802148342134,0.0
USA,0.0,0.0,0.0
USA,0.10699999332427979,0.012857142350237284,0.0
USA,0.0,0.0,0.0
USA,0.39459970593452454,0.09900214677650689,0.0
USA,1.0439199209213257,0.18246197689295512,0.00047999955131672323
USA,0.15916000306606293,0.028903332034436364,0.0
USA,0.2785295844078064,0.06090415936297585,0.0
USA,2.468477725982666,0.5464135531248757,0.0
USA,2.4213056564331055,0.7079436471685767,0.0
USA,2.468477725982666,0.8689365485256227,0.0
USA,1.3636000156402588,0.1347106041541944,0.0
USA,0.0,0.0,0.0
USA,2.5084774494171143,0.6413670824840665,0.0
USA,0.2563999891281128,0.02957023241490658,0.0
USA,0.7740683555603027,0.24340332793071867,0.01777038723230362
USA,0.25895974040031433,0.09043158125132322,0.0
USA,0.0,0.0,0.0
USA,0.004759999457746744,0.0003199999668868259,0.0
USA,0.09287242591381073,0.01577617348326991,0.0
USA,0.07999999821186066,0.023599999316502362,0.0
USA,1.253964900970459,0.11845859357355429,0.0
USA,0.5679994821548462,0.06813320835741858,0.004470015875995159
USA,0.551205575466156,0.05017166248483894,0.0
USA,0.12487989664077759,0.020819995272904634,0.004999999888241291
USA,0.5679994821548462,0.09606576842876773,0.004399995319545269
USA,0.0,0.0,0.0
USA,0.9820222854614258,0.32731909581593105,0.0
USA,0.23303978145122528,0.02664318189956248,0.0
USA,1.6680978536605835,0.40305525436997414,0.0
USA,0.548519492149353,0.12462655728450045,0.0013599988305941224
USA,0.0014400000218302011,0.00013333333481568843,0.0
USA,0.05283995345234871,0.013252005795748456,0.0
USA,0.4324396252632141,0.05984086063108407,0.00022406294010579586
USA,0.4324396252632141,0.11091276381630451,0.005560026969760656
USA,2.5084774494171143,0.9522153347730636,0.1484798640012741
USA,0.5808773040771484,0.041229351947958105,0.0
USA,1.0439199209213257,0.225609971745871,0.0
USA,0.08107999712228775,0.009612499799914076,0.0
USA,0.4324396252632141,0.1952598204370588,0.0203199815005064
USA,0.019000127911567688,0.004153814850528015,3.630959355405139e-08
USA,0.9405115246772766,0.14593388241172003,0.0
USA,0.009439999237656593,0.0006506666308268904,0.0
USA,0.010559999383985996,0.0010311110721280177,0.0
USA,0.12077128887176514,0.017429032472136896,0.00024439190747216344
USA,0.0,0.0,0.0
USA,0.24331998825073242,0.02321499898789625,0.0
USA,0.0,0.0,0.0
USA,0.07751995325088501,0.024498651475490383,0.0
USA,0.10687990486621857,0.008458023231253787,0.0
USA,0.17264631390571594,0.07229403516588112,0.0033707660622894764
USA,2.0229632013979426e-07,6.191232637675625e-08,0.0
USA,0.0009599999757483602,3.4666665790913005e-05,0.0
USA,0.1492605358362198,0.03656191589044673,0.0
USA,0.23227998614311218,0.02803881243536515,0.0
USA,0.009320000186562538,0.0010439999823574908,0.0
USA,2.4985573291778564,0.5885046508240824,0.015199986286461353
USA,1.9025180339813232,0.344270221889019,0.018919993191957474
USA,0.00228946004062891,0.0003753663595965406,3.611200583009122e-08
USA,0.002479997929185629,0.00019673316952417697,0.0
USA,0.5147923231124878,0.16615473455749452,0.025515347719192505
USA,0.5679994821548462,0.1598317664116621,0.025515347719192505
USA,0.08387993276119232,0.020291688337171987,3.0257996996851944e-08
USA,1.6680978536605835,0.36152667813003064,0.02079998329281807
USA,0.16747985780239105,0.025518854414258385,0.00015999985043890774
USA,0.3657597303390503,0.034297303506173195,0.0
USA,0.0,0.0,0.0
USA,0.3036397099494934,0.05979727601322035,0.0
USA,0.33396002650260925,0.03494133312487975,0.0
USA,0.09600000083446503,0.008231111026058594,0.0
USA,0.040439996868371964,0.002174999831671206,0.0
USA,5.247788429260254,3.9703723549842835,2.0188417434692383
USA,3.6735968589782715,2.6541776847839356,2.0188417434692383
USA,0.9213593602180481,0.3331255113839039,0.0
USA,0.27494269609451294,0.07708540298305404,0.0
USA,0.007887672632932663,0.000585994780491698,0.0
USA,5.091366767883301,3.9235799312591553,2.946195125579834
USA,0.3546236455440521,0.16438068340842923,0.01940389722585678
USA,0.9553097486495972,0.24539940265406454,0.0
USA,0.5080491900444031,0.07664854259168351,0.0
USA,3.996124267578125,2.506529559691747,0.8003813028335571
USA,3.0820488929748535,2.520472730199496,1.761273980140686
USA,0.2283492535352707,0.11548444298761232,0.023403212428092957
USA,0.18272154033184052,0.016430062788242054,0.0
USA,0.41122978925704956,0.1651708866969178,0.00015410837659146637
USA,0.18441233038902283,0.06598850457618634,0.00705669354647398
USA,2.863542079925537,1.8787471572558085,0.9928488731384277
USA,0.37876656651496887,0.06516970959031217,0.0
USA,1.6193357706069946,0.38668474346438114,0.0
USA,5.091366767883301,3.197872765858968,2.081450939178467
USA,0.5424513220787048,0.11293807501594226,0.03970828652381897
USA,0.18790921568870544,0.02774847484579368,0.0
USA,0.3546236455440521,0.04873719335970236,0.0
USA,2.217108964920044,1.2640477561950683,0.0
USA,0.058732278645038605,0.0030357689068685953,0.0
USA,4.067791938781738,2.1789844694236913,0.442342609167099
USA,0.03164542466402054,0.002988411198046898,0.0
USA,0.08791999518871307,0.00979564110553578,0.0
USA,0.03799999877810478,0.002645108045440533,0.0
USA,0.001997245941311121,0.00014294291592835049,0.0
USA,2.944141149520874,2.4014997661113737,1.4501012563705444
USA,0.12850135564804077,0.019895164830813883,0.0
USA,0.07825379073619843,0.009603381401575461,0.0
USA,0.09197608381509781,0.03272447361572025,0.0
USA,0.003999999724328518,0.0001999999862164259,0.0
USA,0.03200988844037056,0.0018585607044769858,0.0
USA,0.3350374400615692,0.10443872877862305,0.0013644550926983356
USA,3.8581225872039795,1.1157658437178248,0.0
USA,0.0348607674241066,0.008877566361185191,0.0
USA,0.7659635543823242,0.11503357072360813,0.0
USA,0.448237806558609,0.2766256555914879,0.20470280945301056
USA,0.002948976820334792,0.00016219372482737527,0.0
USA,0.054276637732982635,0.00639853180681322,0.0
USA,0.4227723479270935,0.09755145010227959,0.0
USA,1.3924710750579834,0.597439842224121,0.0
USA,0.2765030264854431,0.06666385597948517,0.00705669354647398
USA,2.7775344848632812,1.8558844327926636,0.0
USA,0.005772283300757408,0.0013451154866613382,0.0
USA,0.7659635543823242,0.2137430169059371,0.0
USA,0.058732278645038605,0.006341947284974074,0.0
USA,3.5896620750427246,2.322400164604187,1.6136583089828491
USA,0.03321162983775139,0.004216687031536518,0.0
USA,1.6690438985824585,0.8560255074501038,0.0
USA,0.36455997824668884,0.042746037626069926,0.0
USA,4.4841628074646,3.3579227129618325,2.73180890083313
USA,1.3669322729110718,0.2991996902323081,5.932413478149101e-05
USA,1.5664687156677246,0.3463133466688709,0.0
USA,0.4097565710544586,0.1520021047354454,0.0
USA,0.7300962209701538,0.46686336185250965,0.15020175278186798
USA,0.448237806558609,0.131786691758316,0.0006525654462166131
USA,0.006487749516963959,0.00024733217304899534,0.0
USA,3.7138314247131348,2.878761818011602,2.217108964920044
USA,0.2765030264854431,0.05474152711186824,0.0
USA,4.695748805999756,2.8145293871561687,1.5349212884902954
USA,0.04960450902581215,0.00752381708792503,0.0
USA,0.06923623383045197,0.009920939207077026,0.0
USA,0.5109671354293823,0.23573222756385803,0.016234517097473145
USA,5.485540866851807,3.6167898535728455,2.1964612007141113
USA,0.10476146638393402,0.02028564564534463,0.0
USA,0.2010924369096756,0.08762204176081079,0.006949360482394695
USA,2.674238681793213,1.0965050790044997,0.0
USA,0.06261836737394333,0.01214357264042418,0.0
USA,0.36455997824668884,0.05674295893853317,2.328808477614075e-05
USA,0.004597620572894812,0.00025079881788769853,0.0
USA,0.23429012298583984,0.10139708252002795,0.03035714104771614
USA,0.7300962209701538,0.1295501090377608,0.0
USA,0.1228426918387413,0.03526226104304442,0.0
USA,0.5364965200424194,0.2570183930918574,0.05388638377189636
USA,0.4671255052089691,0.23285176415272332,0.0
USA,0.26833653450012207,0.09032237941088776,0.00705669354647398
USA,0.32012373208999634,0.05671554552204076,0.0
USA,0.47311800718307495,0.0720956978692236,0.0
USA,0.0868518128991127,0.019782633542165837,0.0
USA,0.03164542466402054,0.0039114482532698145,0.0
USA,0.0342399999499321,0.0017180572731983071,0.0
USA,0.09417299926280975,0.023273444679944078,2.328808477614075e-05
USA,0.008460907265543938,0.001347930115298368,0.0
USA,0.30411359667778015,0.1099216300228883,0.0
USA,0.0,0.0,0.0
USA,0.9294069409370422,0.37805940707524616,0.0
USA,0.12175528705120087,0.05827007116749883,0.02266548201441765
USA,0.4984058737754822,0.16888932555559136,0.023403212428092957
USA,0.17745015025138855,0.05129310941057546,0.008916529826819897
USA,0.270268976688385,0.04738508042242352,0.0
USA,0.017474593594670296,0.0014525083862887793,0.0
USA,0.06835982948541641,0.006956957086610298,0.0
USA,0.2037682831287384,0.02844615281596437,0.0
USA,1.2768487930297852,0.3569028088046859,0.02266548201441765
USA,0.022019775584340096,0.003873635420755558,0.0
USA,0.3224870562553406,0.1028449524060956,0.0
USA,0.45207637548446655,0.24464112992088,0.08088548481464386
USA,0.5379331111907959,0.22130614439291613,0.022459814324975014
USA,0.11586110293865204,0.02739340579525257,0.0004647057503461838
USA,5.532007217407227,4.15817395846049,2.007087230682373
USA,5.247788429260254,3.0323630223671594,1.5779364109039307
USA,2.0733838081359863,1.5973681509494781,1.0716769695281982
USA,0.18413299322128296,0.012433346471516416,0.0
USA,0.1565895974636078,0.04986093280604109,0.0
USA,0.14064714312553406,0.0782726635535558,0.0
USA,0.44029101729393005,0.23167197573930026,0.0
USA,0.1565895974636078,0.0531836238828368,0.0
USA,0.18000289797782898,0.036904749334401764,0.0
USA,0.5443465113639832,0.13529186422626177,0.0
USA,0.3789721429347992,0.21942510595545173,0.0
USA,0.05478578805923462,0.025979896914213894,0.0
USA,0.5816669464111328,0.20247513086845478,0.0
USA,0.3136534094810486,0.1757864784449339,0.0
USA,0.23214173316955566,0.10256505676079541,0.0
USA,0.1845785677433014,0.03830689988099038,0.0
USA,0.3274640738964081,0.13634663919607798,0.0
USA,0.4446805417537689,0.11520361234822,0.0
USA,0.0797647014260292,0.01231830626881371,0.0
USA,0.5619257688522339,0.1368010861123912,0.0
USA,0.4666925072669983,0.12072974144636343,0.0
USA,0.3823646008968353,0.1804080344736576,0.0
USA,0.44029101729393005,0.27000095645586647,0.0
USA,0.2982029914855957,0.10374141484498978,0.0
USA,0.7857814431190491,0.18104487184124687,0.0
USA,0.4292733669281006,0.0676997371580607,0.0
USA,0.21679329872131348,0.02319277033758616,0.0
USA,0.1543932855129242,0.05922848719637841,0.0
USA,0.44784122705459595,0.08192629989288333,0.0
USA,0.13039985299110413,0.022242067638217122,0.0
USA,0.7619234323501587,0.27610937569822586,0.0
USA,0.07212936878204346,0.01428759612608701,0.0
USA,0.3706798553466797,0.10487574458654438,0.0
USA,0.19499579071998596,0.0614261869341135,0.0
USA,0.7857814431190491,0.17786671854555608,0.0
USA,0.2649434208869934,0.05828580230474472,0.0
USA,0.28025463223457336,0.08012873575091362,0.0
USA,0.20724625885486603,0.03165139353950508,0.0
USA,0.03777942806482315,0.011850969739801561,0.0
USA,0.15912950038909912,0.07009609485976398,0.0
USA,0.5631618499755859,0.21124861748130233,0.0
USA,0.4038432240486145,0.15177261208494505,0.0
USA,0.4336470663547516,0.17195735983550547,0.0
USA,0.49093103408813477,0.24555513076484203,0.0
USA,0.5137478113174438,0.38164579719305036,0.1849258691072464
USA,0.5377403497695923,0.14356074441457167,0.0
USA,0.19373710453510284,0.04623871537069135,0.0
USA,0.5816669464111328,0.0909353663523992,0.0
USA,0.19763991236686707,0.041864286689087746,0.0
USA,1.2663037776947021,0.2441983146935093,0.0
USA,1.0719548463821411,0.18853861100173422,0.0
USA,0.13590630888938904,0.05205147356415788,0.0
USA,0.4344262480735779,0.09176872958566189,0.0
USA,0.6449135541915894,0.14368870577641896,0.0
USA,0.255758136510849,0.11105697760358453,0.0
USA,0.5631618499755859,0.32525196224451064,0.0
USA,0.4204651415348053,0.06756685462338889,0.0
USA,0.1710970401763916,0.07848579315468669,0.0
USA,0.417815625667572,0.06810467741452157,0.0
USA,0.31595495343208313,0.1685621403157711,0.0
USA,0.0698823481798172,0.02262749206274748,0.0
USA,0.3823646008968353,0.2467898807177941,0.0
USA,0.08589903265237808,0.020692625339142977,0.0
USA,0.2901234030723572,0.05133660049177706,0.0
USA,0.5726946592330933,0.21290941257029772,0.0
USA,0.1251170039176941,0.035465224847818416,0.0
USA,0.2794438898563385,0.040709898570397245,0.0
USA,0.12233475595712662,0.05605506350596746,0.0
USA,2.0069618225097656,0.2258009047806263,0.0
USA,1.0719548463821411,0.08355224092624017,0.0
USA,0.3486965298652649,0.04784771509917586,0.0
USA,0.412994384765625,0.07199934038023154,0.0
USA,0.968664824962616,0.46007731080055236,0.0
USA,0.03803383186459541,0.001971371534535946,0.0
USA,0.5619257688522339,0.17181655697640963,0.0
USA,0.3377918004989624,0.14968078926205636,0.0
USA,0.1845785677433014,0.034438625564798715,0.0
USA,0.3710119128227234,0.1402497097539405,0.0
USA,0.8138315081596375,0.1934451937675476,0.0
USA,0.0698823481798172,0.012806547438958659,0.0
USA,0.17092612385749817,0.04206868361216039,0.0
USA,0.8694984316825867,0.4026352524757385,0.0
USA,0.22640426456928253,0.022881250895027603,0.0
USA,0.1897871196269989,0.04179201094666496,0.0
USA,0.6363666653633118,0.17581893814106783,0.0
USA,0.5214157700538635,0.09638559408485889,0.0
USA,0.31595495343208313,0.20245270151644945,0.0
USA,0.07212936878204346,0.012554176915655262,0.0
USA,0.07212936878204346,0.023920929835488398,0.0
USA,0.09165758639574051,0.0353071034187451,0.0
USA,0.5214157700538635,0.0983483146255215,0.0
USA,0.02732788398861885,0.004350143930059858,0.0
USA,0.5726946592330933,0.13610601818395984,0.0
USA,0.030790993943810463,0.012487479986157268,0.0
USA,0.4307197630405426,0.08313788154110727,0.0
USA,0.15637679398059845,0.07393636709700029,0.016628935933113098
USA,0.49093103408813477,0.14043936928113301,0.0
USA,0.11739335209131241,0.05896719805896282,0.0
USA,0.3192726671695709,0.1479496531188488,0.0
USA,1.0719548463821411,0.08393660267548901,0.0
USA,0.40138402581214905,0.03979385418642778,0.0
USA,0.13669468462467194,0.058884173383315405,0.0
USA,0.17638276517391205,0.033338406690745614,0.0
USA,0.19064629077911377,0.05865864742857715,0.0
USA,0.412994384765625,0.08801671657711267,0.0
USA,0.7857814431190491,0.16664644405245782,0.0
USA,0.01763915829360485,0.0028062478285088826,0.0
USA,0.13590630888938904,0.060898146405816075,0.0
USA,0.13384318351745605,0.029940171508739392,0.0
USA,0.07030527293682098,0.01627603187225759,0.0
USA,0.10485643148422241,0.03994731257359187,0.0
USA,0.3710119128227234,0.09563491653534584,0.0
USA,0.06103258579969406,0.006745311001496803,0.0
USA,0.15528731048107147,0.01077230901864823,0.0
USA,0.21746449172496796,0.07168716719994943,0.0
USA,0.6449135541915894,0.15696518048644065,0.0
USA,0.1339999884366989,0.04184903104656509,0.0
USA,0.4151972234249115,0.2017717372626066,0.0
USA,0.22640426456928253,0.03951476111105876,0.0
USA,0.4407021999359131,0.18932994744843906,0.0
USA,0.1035671979188919,0.01688507101498544,0.0
USA,0.13333091139793396,0.04930926285063227,0.0
USA,0.31595495343208313,0.10317092034965754,0.0
USA,0.012836402282118797,0.002089786058544026,0.0
USA,0.5360105037689209,0.12673465704291528,0.0
USA,0.08992666751146317,0.01219120945703859,0.0
USA,0.004830833990126848,0.00041811825358308854,0.0
USA,0.06545951962471008,0.012630064465199774,0.0
USA,1.7123512029647827,0.5598822708052467,0.0
USA,6.879872798919678,4.598286185945783,0.0
USA,6.001767635345459,3.945177592171563,0.0
USA,6.001767635345459,3.20736003363574,0.0
USA,0.6519569158554077,0.051981374006451614,0.0
USA,4.726940631866455,3.3121978521347044,0.0
USA,0.034147556871175766,0.0031251546015915836,0.0
USA,4.7222161293029785,1.0329121368833714,0.0
USA,5.803218841552734,3.5364731232325237,0.0
USA,2.809967517852783,0.530639361872562,0.0
USA,6.001767635345459,3.6274166987055825,0.0
USA,0.11100000143051147,0.022538833192083985,0.0
USA,7.312338352203369,3.5954336060418024,0.0
USA,0.07746908068656921,0.012498268422981103,0.0
USA,0.020161982625722885,0.0031618763302200628,0.0
USA,5.932909965515137,3.0226310014724733,0.0
USA,5.33022403717041,1.6526895006497702,0.0
USA,0.12280631065368652,0.00811162339532674,0.0
USA,0.0077875577844679356,0.0005966712869849289,0.0
USA,6.007535934448242,5.0759566942850745,0.0
USA,0.05376359820365906,0.007266579139589642,0.0
USA,0.22612610459327698,0.016664217894584808,0.0
USA,5.33022403717041,1.7194504817681653,0.0
USA,0.012836402282118797,0.0016012679448613198,0.0
USA,0.013513721525669098,0.0010637443523996302,0.0
USA,5.640007972717285,4.305607984463374,0.0
USA,0.22690701484680176,0.04380597428445028,0.0
USA,7.217553615570068,3.5191875100135803,0.0
USA,7.21298360824585,3.328475460410118,0.0
USA,6.741105556488037,1.592942357994616,0.0
USA,0.04380058869719505,0.01572325368761085,0.0
USA,5.790048122406006,3.8123759190241495,0.0
USA,0.034320514649152756,0.0017874688445855018,0.0
USA,0.012491585686802864,0.0030681037594856913,0.0
USA,2.384638547897339,0.23769679954192335,0.0
USA,5.903770446777344,3.5375575125217438,0.0
USA,6.059326171875,2.156139089947655,0.0
USA,2.905531644821167,1.045566094107926,0.0
USA,0.0444675013422966,0.004709844941057132,0.0
USA,0.05376359820365906,0.007492686391742609,0.0
USA,0.22690701484680176,0.06770533537492156,0.0
USA,0.08992666751146317,0.01185724814713467,0.0
USA,0.07579502463340759,0.008237413476454094,0.0
USA,0.021280933171510696,0.0034673803938425236,0.0
USA,0.009898613207042217,0.0004781275407468557,0.0
USA,0.030949193984270096,0.0011874951754483238,0.0
USA,0.0793548971414566,0.010298547479333281,0.0
USA,0.3342230021953583,0.06780363039061842,0.0
USA,6.032580852508545,2.6883315103394643,0.0
USA,0.007000000216066837,0.0003102471893928143,0.0
USA,5.64925479888916,3.5748372759137834,0.0
USA,0.05515257269144058,0.004725880018327189,0.0
USA,1.7545149326324463,0.7306243933185383,0.0
USA,0.3342230021953583,0.09274171797941173,0.0
USA,5.8660688400268555,3.153832701274327,0.0
USA,0.04100000113248825,0.0042715023830533026,0.0
USA,6.711607456207275,4.759673476219177,0.0
USA,0.011323058977723122,0.002117185730380048,0.0
USA,6.741105556488037,4.02013658285141,0.0
USA,0.0,0.0,0.0
USA,0.0,0.0,0.0
USA,0.0,0.0,0.0
USA,0.0,0.0,0.0
USA,0.0009513829136267304,2.0386776720572795e-05,0.0
USA,0.0,0.0,0.0
USA,0.0,0.0,0.0
USA,0.0044858818873763084,0.00012460783020489744,0.0
USA,0.0,0.0,0.0
USA,0.0,0.0,0.0
USA,0.003759999992325902,3.999999836697318e-05,0.0
USA,0.0,0.0,0.0
USA,0.005279999691992998,6.312925025439017e-05,0.0
USA,0.0,0.0,0.0
USA,0.0,0.0,0.0
USA,0.0,0.0,0.0
USA,0.0029950630851089954,0.00025957493325121404,0.0
USA,0.0004422240308485925,3.618196842580801e-05,0.0
USA,8.04043811513111e-05,2.0739225224783046e-06,0.0
USA,0.0007437404710799456,5.6953096645884216e-05,0.0
USA,0.004221229813992977,0.0008908693143894197,0.0
USA,0.0,0.0,0.0
USA,0.0,0.0,0.0
USA,0.00804401095956564,0.0004678896462012615,0.0
USA,0.04045010358095169,0.005009023170862988,0.0
USA,0.0,0.0,0.0
USA,0.015749208629131317,0.0016657582673793687,0.0
USA,0.0,0.0,0.0
USA,0.0005092277424409986,5.8349008630405784e-05,0.0
USA,0.0,0.0,0.0
USA,0.0015377338277176023,0.00016865775323822164,0.0
USA,0.0005159280262887478,5.5708743950942465e-05,0.0
USA,0.0002394577895756811,1.7513146644887456e-05,0.0
USA,0.0010619432432577014,4.203527316262591e-05,0.0
USA,0.014659926295280457,0.0010272914136424203,0.0
USA,0.009951450861990452,0.002149122752295322,0.0
USA,0.0,0.0,0.0
USA,0.014659926295280457,0.001431957765050486,0.0
USA,0.0064137177541852,0.00039741859344151936,0.0
USA,2.593542713924535e-09,4.116734466546881e-11,0.0
USA,0.0,0.0,0.0
USA,0.005708296783268452,0.00019425843214479545,0.0
USA,1.4251864133285608e-09,5.089951476173431e-11,0.0
USA,0.014287007972598076,0.0005952919988582531,0.0
USA,0.0,0.0,0.0
USA,0.0,0.0,0.0
USA,0.0,0.0,0.0
USA,0.0,0.0,0.0
USA,0.0,0.0,0.0
USA,0.005708296783268452,0.00014270741958171128,0.0
USA,0.007424557115882635,0.00043090305610917916,0.0
USA,0.005708296783268452,0.0004756913986057043,0.0
USA,0.0,0.0,0.0
USA,0.0,0.0,0.0
USA,0.0,0.0,0.0
USA,0.025961939245462418,0.007934323427454931,0.0
USA,0.0,0.0,0.0
USA,0.0,0.0,0.0
USA,0.0,0.0,0.0
USA,0.0,0.0,0.0
USA,0.0014128154143691063,0.0001937869047105778,0.0
USA,0.0,0.0,0.0
USA,0.0,0.0,0.0
USA,0.061611343175172806,0.01617609730892582,0.0
USA,0.10355572402477264,0.0673720568108062,0.04023858532309532
USA,0.07111936062574387,0.020417933698419283,0.0
USA,0.08761975914239883,0.05036680352059193,0.0006418083212338388
USA,0.01899999938905239,0.00019791666030262908,0.0
USA,0.0,0.0,0.0
USA,0.0,0.0,0.0
USA,0.0,0.0,0.0
USA,0.012227275408804417,0.0021221619199423003,0.0
USA,0.0,0.0,0.0
USA,0.0,0.0,0.0
USA,0.0,0.0,0.0
USA,0.002976881107315421,0.00072717144418372,0.0
USA,0.01899999938905239,0.0005277777608070108,0.0
USA,0.03232521936297417,0.005468526573822601,0.0
USA,0.0,0.0,0.0
USA,0.09699999541044235,0.0008083332950870197,0.0
USA,0.0,0.0,0.0
USA,0.012227275408804417,0.0028437149433011653,0.0
USA,0.1413029283285141,0.07253129800083116,0.0009357811068184674
USA,0.0,0.0,0.0
USA,0.0,0.0,0.0
USA,0.014910394325852394,0.0017596500626192817,0.0
USA,0.012527820654213428,0.005763379641090675,0.00017981286509893835
USA,0.0,0.0,0.0
USA,0.0,0.0,0.0
USA,0.001708222203887999,0.00010403458873042837,0.0
USA,0.07111936062574387,0.009329263596945176,0.0009357811068184674
USA,0.054867178201675415,0.01881207374284107,0.0
USA,0.0,0.0,0.0
USA,0.003994414582848549,0.0003947320741038614,0.0
USA,0.0,0.0,0.0
USA,0.0,0.0,0.0
USA,0.03232521936297417,0.004172285799965417,0.0
USA,0.0,0.0,0.0
USA,0.1413029283285141,0.03738837021602584,0.0018715622136369348
USA,0.23019945621490479,0.0251671979411185,0.0
USA,0.0,0.0,0.0
USA,0.0,0.0,0.0
USA,0.010560153052210808,0.0013321504206639172,0.0
USA,0.0,0.0,0.0
USA,0.0,0.0,0.0
USA,0.0,0.0,0.0
USA,0.0,0.0,0.0
USA,0.003199999686330557,6.399999505707196e-05,0.0
USA,0.001708222203887999,0.00011225460420973831,0.0
USA,0.0,0.0,0.0
USA,0.10702802240848541,0.020272347838389188,0.0
USA,0.012527820654213428,0.0021668878961968907,0.0
USA,0.0,0.0,0.0
USA,0.0,0.0,0.0
USA,0.0,0.0,0.0
USA,0.23019945621490479,0.014065352908454813,0.0
USA,0.0,0.0,0.0
USA,0.0,0.0,0.0
USA,0.0,0.0,0.0
USA,0.0,0.0,0.0
USA,0.0,0.0,0.0
USA,0.0,0.0,0.0
USA,0.020357387140393257,0.0030204282572716084,0.0
USA,0.0,0.0,0.0
USA,0.0,0.0,0.0
USA,0.0,0.0,0.0
USA,0.013100935146212578,0.0004940262397212791,0.0
USA,0.08193831145763397,0.0458964591283196,0.0015502783935517073
USA,0.0,0.0,0.0
USA,0.0,0.0,0.0
USA,0.01216515339910984,0.0015206442622002214,0.0
USA,0.0023692287504673004,8.355863558660661e-05,0.0
USA,0.04040617123246193,0.007534244577202896,0.0
USA,0.09413255751132965,0.018187408639538,0.0001233002549270168
USA,0.019603068009018898,0.0038155002066559973,0.0
USA,0.0,0.0,0.0
USA,0.31919997930526733,0.019301233668006772,0.0
USA,0.0,0.0,0.0
USA,0.1072000041604042,0.011364848258601727,0.0
USA,0.047359999269247055,0.0011953845764181982,0.0
USA,0.0,0.0,0.0
USA,0.0009999999310821295,2.4999998277053238e-05,0.0
USA,0.009999999776482582,0.00079999997147492,0.0
USA,0.014000000432133675,0.001124999998137355,0.0
USA,0.339680016040802,0.11366933025678413,0.0
USA,0.0,0.0,0.0
USA,0.006559999193996191,7.160838491485252e-05,0.0
USA,0.007999999448657036,0.0006222222207321061,0.0
USA,0.0,0.0,0.0
USA,0.0034400001168251038,0.00011428571615026009,0.0
USA,0.09959999471902847,0.005807999765384011,0.0
USA,0.0,0.0,0.0
USA,0.023679999634623528,0.001119999956738736,0.0
USA,0.0,0.0,0.0
USA,0.0,0.0,0.0
USA,0.0,0.0,0.0
USA,0.0,0.0,0.0
USA,0.014000000432133675,0.0008000000246933529,0.0
USA,0.44187960028648376,0.07536437479882604,0.0
USA,0.0,0.0,0.0
USA,0.11100000143051147,0.006981481556539182,0.0
USA,0.0,0.0,0.0
USA,0.028999999165534973,0.0016571428094591413,0.0
USA,0.3936796486377716,0.1051292456453666,0.0
USA,0.09959999471902847,0.017036189916931715,0.0
USA,0.0,0.0,0.0
USA,0.024279998615384102,0.00037514284943296973,0.0
USA,0.023679999634623528,0.0027474284321734946,0.0
USA,0.0,0.0,0.0
USA,0.11100000143051147,0.01833333289768133,0.0
USA,0.0,0.0,0.0
USA,0.12855997681617737,0.006153713980581545,0.0
USA,0.0009999999310821295,9.259258621130828e-05,0.0
USA,0.0,0.0,0.0
USA,0.0,0.0,0.0
USA,0.014999998733401299,0.0019999999397744737,0.0
USA,0.0,0.0,0.0
USA,0.017000000923871994,0.0012666667190690836,0.0
USA,0.0069599999114871025,0.0004499999891517551,0.0
USA,0.0,0.0,0.0
USA,0.017000000923871994,0.0015250000171363354,0.0
USA,0.11499999463558197,0.010699999596302709,0.0
USA,0.11499999463558197,0.03233333248645067,0.0
USA,0.0,0.0,0.0
USA,0.0,0.0,0.0
USA,0.14759986102581024,0.012794280218492661,0.0
USA,0.006079999264329672,0.000254285688112889,0.0
USA,0.0,0.0,0.0
USA,0.02279999665915966,0.0037325711704657544,0.0
USA,0.0,0.0,0.0
USA,0.0,0.0,0.0
USA,0.0,0.0,0.0
USA,0.0,0.0,0.0
USA,0.2871599793434143,0.011586666107177734,0.0
USA,0.01899999938905239,0.0009499999694526195,0.0
USA,0.0069599999114871025,6.0588234405526344e-05,0.0
USA,0.0,0.0,0.0
USA,0.0,0.0,0.0
USA,0.0,0.0,0.0
USA,0.024000000208616257,0.0021666666677144044,0.0
USA,0.08499999344348907,0.00692727241072465,0.0
USA,0.0,0.0,0.0
USA,0.0,0.0,0.0
USA,0.0,0.0,0.0
USA,0.37275999784469604,0.014675571048636421,0.0
USA,0.0,0.0,0.0
USA,0.05199999734759331,0.004085714050701687,0.0
USA,0.003999999724328518,0.00033333331898406697,0.0
USA,0.05199999734759331,0.000888888853498631,0.0
USA,0.06399999558925629,0.0025599998235702514,0.0
USA,0.003000000026077032,0.00014285713966403688,0.0
USA,0.0,0.0,0.0
USA,0.0,0.0,0.0
USA,0.0,0.0,0.0
USA,0.03500000014901161,0.0017500000074505806,0.0
USA,0.002319999970495701,0.00013066666433587671,0.0
USA,0.009999999776482582,0.0007599999755620957,0.0
USA,0.0,0.0,0.0
USA,0.03099999949336052,0.004291666632828613,0.0
USA,0.0,0.0,0.0
USA,0.0,0.0,0.0
USA,0.04599999636411667,0.004822222019235293,0.0
USA,0.017000000923871994,0.0009333333466202021,0.0
USA,3.6087048053741455,1.025159978396481,0.0
USA,0.2751499116420746,0.18384874910116195,0.09174687415361404
USA,1.5296070575714111,0.44238585191279917,0.001028865808621049
USA,6.979403018951416,3.6358514547348024,0.0
USA,0.7397719621658325,0.2910427504777908,0.0
USA,3.2972207069396973,1.9375012488592238,0.0
USA,2.035144567489624,1.172459735472997,0.0
USA,4.403353691101074,1.869783830075037,0.0
USA,2.035144567489624,1.0950439771016438,0.0
USA,4.335535526275635,1.921526975631714,0.0
USA,7.416204929351807,4.358353355952672,0.0
USA,3.157679557800293,1.8011623660723368,0.0
USA,2.2666451930999756,1.1185887654622395,0.0
USA,2.0748515129089355,1.005848467350006,0.0
USA,8.277647972106934,6.131403582436698,0.0
USA,3.0123343467712402,0.8363912168610841,0.0
USA,0.6888660192489624,0.42757356592587065,0.0
USA,0.06629038602113724,0.0062776425264019055,0.0
USA,6.3890604972839355,3.1782430495534624,1.0048859119415283
USA,0.044896021485328674,0.0032777877574214167,0.0
USA,0.0010119613725692034,8.78686411306262e-05,0.0
USA,2.130197525024414,1.4263989811851865,0.0
USA,0.03562753647565842,0.008827586425468326,0.0
USA,0.06135106831789017,0.010935922004541175,0.0
USA,8.374410629272461,4.942765321050372,0.0
USA,7.136366844177246,3.160740410288175,0.0
USA,7.026531219482422,4.482809076309204,0.0
USA,7.312338352203369,3.4472306285585677,0.0
USA,1.0367209911346436,0.6319290533661842,0.3633801341056824
USA,0.18337638676166534,0.011483551012841216,0.0
USA,3.1979427337646484,2.0374708652496336,1.1162103414535522
USA,6.957149505615234,3.9771235212683678,0.0
USA,4.559960842132568,1.3132538673467935,0.0
USA,2.093559980392456,0.6330177220360687,0.0
USA,5.044015884399414,3.363590351172856,0.0
USA,1.1771880388259888,0.8323027074337006,0.0
USA,0.13804125785827637,0.031311117629520595,0.0
USA,4.082474708557129,2.9723340034484864,1.8365466594696045
USA,5.7367706298828125,2.3837295696139336,0.0
USA,8.597156524658203,6.777741384506226,4.654938220977783
USA,1.2281711101531982,0.8269711017608643,0.42541027069091797
USA,4.036830902099609,2.2309451307569232,0.0
USA,7.460057258605957,3.41018581589063,0.0
USA,2.296996593475342,1.0848138431708019,0.0
USA,9.170835494995117,4.204320148185447,0.0
USA,0.816259503364563,0.14357003211043776,0.0
USA,0.9583781361579895,0.4238982970515887,0.0
USA,1.706183671951294,0.8941431062089072,0.0
USA,3.1746420860290527,1.702555022239685,0.0
USA,7.380576133728027,5.911996448040009,3.821760892868042
USA,7.380576133728027,4.069528961181641,1.8365466594696045
USA,4.750673294067383,2.6827015121777853,1.3582003116607666
USA,2.5627822875976562,1.774548590183258,1.2262768745422363
USA,1.2227516174316406,0.8815824031829834,0.0
USA,0.1363213211297989,0.01761757464416968,0.0
USA,0.006564456038177013,0.0007240753587514822,0.0
USA,0.9933104515075684,0.2893665279261768,0.0
USA,1.4024717807769775,1.0280908256769181,0.5764175653457642
USA,0.5230286121368408,0.29652503728866575,0.1490345001220703
USA,1.6914761066436768,1.0761162066459655,0.0
USA,9.581062316894531,4.477655415632287,0.0
USA,9.581062316894531,5.832603184382121,0.0
USA,7.026531219482422,5.157362294197083,0.0
USA,8.596721649169922,4.149523834387462,0.0
USA,4.300645351409912,2.0149006938934324,0.7937921285629272
USA,0.05524805188179016,0.01888297274999786,0.0
USA,4.831399917602539,2.51993265748024,0.0
USA,2.467975378036499,1.427157958348592,0.0
USA,0.8880811929702759,0.5588696764575111,0.0
USA,0.6282676458358765,0.28555461645126345,0.0
USA,0.4550595283508301,0.17525633734961352,0.0
USA,1.2198244333267212,0.6601057459910711,0.0
USA,1.1649584770202637,0.6525443974468443,0.0
USA,0.4296744465827942,0.12164445679324369,0.0
USA,7.217553615570068,4.153876707667396,0.0
USA,6.2301225662231445,3.8401369717386036,0.0
USA,2.4356491565704346,0.49219999405322595,0.0
USA,2.341829299926758,1.6582997706201341,0.0
USA,2.46929931640625,0.42282597192485505,0.0
USA,6.257043838500977,2.9165390729904175,0.0
USA,1.7208808660507202,1.2787304401397706,1.0485634803771973
USA,8.17070484161377,3.721061905225118,0.0
USA,0.48855191469192505,0.13629191954221045,0.0
USA,0.05838974192738533,0.007104311484908976,0.0
USA,1.0775268077850342,0.17100811379662315,0.0
USA,2.8294568061828613,1.9857906897862752,0.0
USA,1.268558144569397,0.41558020760615666,0.10304683446884155
USA,5.091366767883301,2.4516867717107136,0.0
USA,4.903632164001465,3.73925299776925,0.0
USA,5.264054298400879,4.6001549243927,3.5850651264190674
USA,0.4767308235168457,0.19563308837158339,0.0
USA,2.4486584663391113,1.514237554300399,0.0
USA,0.5088430047035217,0.08450007830985366,0.0
USA,0.3850734233856201,0.17647087244050844,0.0
USA,0.6423931121826172,0.2068955506430939,0.0059867301024496555
USA,2.767387866973877,2.0730825747762407,0.0
USA,5.538240432739258,3.1398747165997825,0.0
USA,0.39494577050209045,0.1596636435844832,0.0
USA,1.3601834774017334,0.7758061595261097,0.0
USA,0.5454250574111938,0.36923975062867004,0.2069128304719925
USA,4.174860954284668,2.921832076708476,0.0
USA,4.7290449142456055,3.4643116692701974,0.0
USA,1.6101810932159424,0.7000760627644402,0.0
USA,1.7075462341308594,0.5827534785494208,0.0
USA,0.9820222854614258,0.23691099669252122,0.0
USA,1.8057464361190796,0.7261720302700997,0.0
USA,0.15602725744247437,0.08999366878221432,0.004001551307737827
USA,3.976858615875244,1.9419738213221232,0.0
USA,3.2541439533233643,1.7657080956867763,0.0
USA,0.9389646649360657,0.43951407074928284,0.0
USA,4.23686408996582,3.333194156487783,2.221083641052246
USA,5.059503078460693,3.094442637761434,0.0
USA,0.1306581199169159,0.035817421233332425,0.0
USA,0.13392658531665802,0.015837955073402556,4.020219057565555e-05
USA,2.167252779006958,0.7403853271688734,0.0
USA,1.7075462341308594,0.6978455517027113,0.08473104238510132
USA,0.4971528649330139,0.1572068159069334,0.0
USA,1.4004532098770142,0.4903141514708598,0.0
USA,2.55182147026062,1.1128124064869351,0.33240193128585815
USA,0.041913777589797974,0.004656781570083694,0.0
USA,3.605571746826172,1.551603468755881,0.5345622897148132
USA,0.23993363976478577,0.05748427673242986,0.013401764445006847
USA,0.05037214234471321,0.004323069963720627,0.0
USA,5.121191501617432,4.324509300504412,3.4214539527893066
USA,5.205282688140869,3.870568414529165,0.0
USA,0.2403077632188797,0.04806429548500871,0.0
USA,2.4486584663391113,1.5876529763142269,0.0
USA,1.2364113330841064,0.6745289240564619,0.24741491675376892
USA,0.5804003477096558,0.2951061263680458,0.0
USA,2.8237051963806152,1.9424179553985597,0.0
USA,3.889029026031494,2.3774440407752992,0.0
USA,0.8131546974182129,0.35412510484457016,0.0
USA,4.060705661773682,2.7512577985014235,1.6650283336639404
USA,0.5872254967689514,0.19876631892596683,0.0
USA,5.030047416687012,2.6190815329551698,0.0
USA,2.3569295406341553,1.2611815180097308,0.0
USA,3.6316559314727783,1.9030333548784255,0.36070874333381653
USA,0.8655282855033875,0.34573502455438887,0.0
USA,2.3288941383361816,1.2219809357609068,0.0
USA,0.6043627262115479,0.24570973749671662,0.0
USA,0.5649592280387878,0.19711499077578384,0.0
USA,1.658839464187622,0.6211388711418424,0.0
USA,0.46707725524902344,0.31536193042993543,0.04484902322292328
USA,3.1338162422180176,1.8709103145769663,0.0
USA,1.2713021039962769,0.6371400306622187,0.0
USA,2.097966194152832,0.8752886292835077,0.19112522900104523
USA,0.14059390127658844,0.04242475345963612,0.0011413206811994314
USA,3.782278537750244,2.4784251848856607,0.0
USA,0.4198080599308014,0.2091597743332386,0.0
USA,3.077457904815674,1.69786669810613,0.0
USA,2.3127810955047607,1.6697324803897313,0.0
USA,2.767387866973877,1.9802413642406465,0.0
USA,5.538240432739258,2.8482163813379078,0.0
USA,0.43663477897644043,0.14538506471685,0.0
USA,3.501837968826294,1.869616397221883,0.0
USA,0.16144730150699615,0.026196340033422586,0.0
USA,0.8531633615493774,0.5258496718747275,0.0
USA,3.976858615875244,1.9783021654401507,0.0
USA,1.112896203994751,0.4358524987474084,0.08473104238510132
USA,0.2949376702308655,0.12334629731873671,0.0
USA,0.20939841866493225,0.04738895112781653,0.0
USA,4.32720422744751,3.027759146690369,1.6650283336639404
USA,2.8291537761688232,1.1675527918906439,0.0
USA,1.9689066410064697,0.7948368842954989,0.0
USA,1.2340856790542603,0.420564832786719,0.0
USA,4.977542400360107,3.856038799285889,2.1594040393829346
USA,4.692961692810059,2.761534824371338,0.0
USA,0.06216137856245041,0.021520719440559333,0.0
USA,1.776780128479004,1.1530929366747538,0.0
USA,2.2710354328155518,1.5207196378707886,0.0
USA,1.598628044128418,0.8866347098350524,0.0
USA,0.6517936587333679,0.32210105728535426,0.0
USA,0.9049021601676941,0.3695855373516679,0.04485176131129265
USA,2.0773849487304688,0.4649134566386541,0.0
USA,4.903632164001465,3.65060967036656,0.0
USA,0.5712738037109375,0.19834404749174914,0.0
USA,0.839432418346405,0.3365145552726019,0.0
USA,0.47683006525039673,0.20142365651471275,0.0
USA,2.024580240249634,1.1337125627767473,0.0
USA,0.03435934707522392,0.015515926468651742,0.004513259045779705
USA,0.22361910343170166,0.06528369991186385,0.004513259045779705
USA,0.4198080599308014,0.19444199800491332,0.0
USA,0.9924153089523315,0.3684197813272476,0.0
USA,1.6218849420547485,0.7276853462060292,0.0
USA,0.5680991411209106,0.20601990144877208,0.0
USA,0.9557043313980103,0.4631657550732295,0.18998540937900543
USA,0.23993363976478577,0.07511940570548177,0.008890029042959213
USA,1.390265703201294,0.7568899001926184,0.08473104238510132
USA,2.644202470779419,0.8270007403833526,0.0
USA,5.091366767883301,3.946082684728834,0.0
USA,2.3288941383361816,0.9862480382124583,0.0
USA,0.6699604392051697,0.42011252376768327,0.0
USA,0.5680991411209106,0.286987791582942,0.0
USA,3.143627166748047,1.4455335021018982,0.3212231993675232
USA,0.041913777589797974,0.008517881846233876,0.0
USA,2.8885340690612793,1.452769668896993,0.0
USA,0.08826137334108353,0.0008446033861036994,0.0
USA,0.0,0.0,0.0
USA,0.0,0.0,0.0
USA,0.0062315501272678375,0.00013720031975853172,0.0
USA,0.0,0.0,0.0
USA,0.054794423282146454,0.005217878056040456,0.0
USA,0.015189403668045998,0.0003011915956934293,0.0
USA,0.0,0.0,0.0
USA,0.0639268308877945,0.0047321343833270175,0.0
USA,0.0,0.0,0.0
USA,0.0,0.0,0.0
USA,0.0,0.0,0.0
USA,0.055707670748233795,0.003003546388612853,0.0
USA,0.022833187133073807,9.910237519458557e-05,0.0
USA,0.07789437472820282,0.0022618882159198012,0.0
USA,0.024147257208824158,0.000302646216607742,0.0
USA,0.0,0.0,0.0
USA,0.045079998672008514,0.0005404999967140612,0.0
USA,0.0009513829136267304,1.0570921262519227e-05,0.0
USA,0.0570826455950737,0.000644826116040349,0.0
USA,0.0,0.0,0.0
USA,0.02807343378663063,0.0008182055130600929,0.0
USA,0.015189403668045998,0.0005355238487633566,0.0
USA,0.17462117969989777,0.012866128713261983,0.0
USA,0.035920001566410065,0.0006549999794111096,0.0
USA,0.0,0.0,0.0
USA,0.18605615198612213,0.009229580881471596,0.0
USA,0.08826137334108353,0.0029761840908047437,0.0
USA,0.0,0.0,0.0
USA,0.0,0.0,0.0
USA,0.021522965282201767,0.00020505900201560172,0.0
USA,0.06363311409950256,0.00036155178465626455,0.0
USA,0.04186084493994713,0.00179598092106604,0.0
USA,0.01908412203192711,0.000315401940255222,0.0
USA,0.013319360092282295,0.00026076809503138064,0.0
USA,0.0,0.0,0.0
USA,0.004657301120460033,3.696270730523836e-05,0.0
USA,0.04292230308055878,0.0017615695343545033,0.0
USA,0.007399966008961201,0.00013489825305641517,0.0
USA,0.0,0.0,0.0
USA,0.37092000246047974,0.004736773875312139,0.0
USA,0.0,0.0,0.0
USA,0.0,0.0,0.0
USA,0.05196743085980415,0.001706757773345674,0.0
USA,0.03965730220079422,0.0009182092531029581,0.0
USA,0.02882092073559761,0.0003431061992333049,0.0
USA,0.02807343378663063,0.0013135259971022606,0.0
USA,0.0,0.0,0.0
USA,0.0,0.0,0.0
USA,0.004040000028908253,7.126050191234891e-05,0.0
USA,0.0,0.0,0.0
USA,0.011549312621355057,0.00041391075928769416,0.0
USA,0.0,0.0,0.0
USA,0.0,0.0,0.0
USA,0.0,0.0,0.0
USA,0.03299803286790848,0.0005864067687511896,0.0
USA,0.07869201898574829,0.05928498040884733,0.040974460542201996
USA,0.0,0.0,0.0
USA,0.319240003824234,0.04927893843471663,0.0
USA,0.036320000886917114,0.0022950000238779467,0.0
USA,0.006371018942445517,0.0013950839765519568,0.0
USA,0.0342399999499321,0.003525333252036944,0.0
USA,0.1536400020122528,0.008278806385681037,0.0
USA,0.016760000959038734,0.0011333333236645117,0.0
USA,0.0002799999783746898,8.333332819650726e-06,0.0
USA,0.06400000303983688,0.019349416746990755,0.00015999999595806003
USA,0.05135999992489815,0.01221333296780358,0.0
USA,0.5867076516151428,0.08138379133904688,0.0
USA,0.5808773040771484,0.04032960499887395,0.0
USA,0.0,0.0,0.0
USA,0.14980000257492065,0.01907228274992829,0.0
USA,0.47103995084762573,0.01774230330651335,0.0
USA,0.04440000653266907,0.004402666683502806,0.0
USA,0.07589894533157349,0.05211871357945105,0.028292780742049217
USA,0.019759997725486755,0.004950699297114625,0.0
USA,0.03099999949336052,0.002431999940890819,0.0
USA,0.2287600040435791,0.029897742111169617,0.0
USA,0.08628000319004059,0.012126667158251317,0.0
USA,0.03537393733859062,0.0017513080486862367,0.0
USA,0.4425055980682373,0.0758383414358832,0.0016957649495452642
USA,0.01351999957114458,0.0014088888629986388,0.0
USA,0.0012799999676644802,4.7999998787418005e-05,0.0
USA,0.0724399983882904,0.015196002859738655,0.0
USA,0.1013752669095993,0.016518385426717856,0.0
USA,0.2283492535352707,0.07770359301939607,0.0
USA,0.19461491703987122,0.10642500296235084,0.031460896134376526
USA,0.20963819324970245,0.07117691859602929,0.032911404967308044
USA,0.4916859269142151,0.04642856488418248,0.0
USA,0.2010924369096756,0.06109315360497151,0.0
USA,0.6705062985420227,0.19040224219336072,0.0
USA,0.3205600082874298,0.025768870687898016,0.0
USA,0.3595599830150604,0.05268799827434122,0.001839999807998538
USA,0.041963666677474976,0.01667417063921069,0.0
USA,0.319240003824234,0.06459299838388688,0.0
USA,0.01600000075995922,0.0011699999983344849,0.0
USA,0.06400000303983688,0.03571280855685473,0.009513397701084614
USA,0.08684150874614716,0.03940858252139555,0.0
USA,0.20963819324970245,0.10552410021424294,0.0
USA,0.13055649399757385,0.02594759763063242,0.0
USA,0.5044944286346436,0.16535658792903027,0.0
USA,0.12231999635696411,0.0075321209163056934,0.0
USA,0.3861999809741974,0.0779207380555038,0.0
USA,0.07412000000476837,0.02137744344654493,0.0
USA,0.3153650164604187,0.06321890779848521,0.0017724406206980348
USA,1.3634850978851318,0.4231878874202569,0.021115954965353012
USA,0.10653519630432129,0.0515038394369185,0.017735272645950317
USA,0.014017726294696331,0.0008092388366640079,0.0
USA,0.0,0.0,0.0
USA,0.16591998934745789,0.014773999740282307,0.0
USA,0.12104000151157379,0.007128888754070633,0.0
USA,0.1273500919342041,0.019492775035420587,0.00013769247743766755
USA,0.08564381301403046,0.0081401079250251,0.0
USA,0.020066117867827415,0.0021064390809442555,0.0
USA,0.5399600267410278,0.069773904253816,0.0
USA,0.043880000710487366,0.0049599998164922,0.0
USA,0.20427998900413513,0.021109630463257645,0.0
USA,0.08684150874614716,0.028185748803177074,0.0
USA,0.08119998872280121,0.008488888747894042,0.0
USA,0.0836000069975853,0.031234285395060266,0.0012799999676644802
USA,1.3634850978851318,0.49563276146848995,0.0
USA,0.7456000447273254,0.08389532497773568,0.016044368967413902
USA,1.3634850978851318,0.24583239517798777,0.0
USA,0.7098223567008972,0.42284352891147137,0.24242250621318817
USA,0.025106027722358704,0.0011123869509106043,0.0
USA,0.14866356551647186,0.057568685291334985,0.0
USA,0.0,0.0,0.0
USA,0.043880000710487366,0.007858732879928236,0.0
USA,0.07355748116970062,0.009190881649265065,0.0
USA,0.5424513220787048,0.18514430509614094,0.0
USA,0.7874945998191833,0.22094325494254008,0.0
USA,0.05488000065088272,0.0018100000221844919,0.0
USA,0.28748542070388794,0.07519113079373103,0.0019307055044919252
USA,0.5808773040771484,0.06396632248328792,0.0
USA,0.1500578671693802,0.018280661005562814,0.0
USA,0.03660726547241211,0.005445702978249756,0.0
USA,0.6234713196754456,0.1667338763945736,0.0017866718117147684
USA,0.1536400020122528,0.010791594948092795,0.0
USA,0.052799999713897705,0.011558947966356451,0.0
USA,0.19028937816619873,0.014341936538693806,0.0
USA,0.018439998850226402,0.002249599905917421,0.0
USA,0.7456000447273254,0.1390354651212692,0.03900805115699768
USA,0.18611998856067657,0.010869852384591165,0.0
USA,0.010239999741315842,0.0011849999500554986,0.0
USA,0.052799999713897705,0.007766666629322572,0.0
USA,0.11296000331640244,0.025357407954288647,0.0
USA,0.0,0.0,0.0
USA,0.12345167249441147,0.07798989593982697,0.03177132457494736
USA,0.03871999680995941,0.00474933316387857,0.0
USA,0.1547979861497879,0.040171508512867146,0.0001400393375661224
USA,0.0,0.0,0.0
USA,0.077939473092556,0.0007452332618413493,0.0
USA,0.10881815105676651,0.002165163592717363,0.0
USA,0.0,0.0,0.0
USA,0.12118425220251083,0.0036418385699126432,0.0
USA,0.019999999552965164,0.0003886132986875824,0.0
USA,0.014000000432133675,0.00043274852724974614,0.0
USA,0.0729999989271164,0.001628201840503607,0.0
USA,0.0956343561410904,0.0038094144793621334,0.0
USA,0.12007999420166016,0.0006114610693794021,0.0
USA,0.0,0.0,0.0
USA,0.011619126424193382,0.00015550227992487355,0.0
USA,0.07115999609231949,0.0007135356476478478,0.0
USA,0.05000000074505806,0.0015767112079991665,0.0
USA,0.0,0.0,0.0
USA,0.03400000184774399,0.0002650005932026668,0.0
USA,0.06435208767652512,0.0010893679782748222,0.0
USA,0.0,0.0,0.0
USA,0.0,0.0,0.0
USA,0.0,0.0,0.0
USA,0.0,0.0,0.0
USA,0.0,0.0,0.0
USA,0.0,0.0,0.0
USA,0.0,0.0,0.0
USA,0.0,0.0,0.0
USA,0.0,0.0,0.0
USA,0.0,0.0,0.0
USA,0.0,0.0,0.0
USA,0.0,0.0,0.0
USA,0.0003611512656789273,1.0223767404227146e-05,0.0
USA,0.0,0.0,0.0
USA,0.017386194318532944,0.00213917538523674,0.0
USA,0.0128274355083704,0.0006719132885336876,0.0
USA,0.0,0.0,0.0
USA,0.0008937789825722575,2.9792632752408584e-05,0.0
USA,0.0,0.0,0.0
USA,0.0,0.0,0.0
USA,0.0,0.0,0.0
USA,0.0,0.0,0.0
USA,0.0,0.0,0.0
USA,0.0,0.0,0.0
USA,0.0005863397964276373,3.429419795760883e-05,0.0
USA,0.0,0.0,0.0
USA,0.0,0.0,0.0
USA,0.0,0.0,0.0
USA,0.0040868897922337055,0.00021283973250146594,0.0
USA,0.0,0.0,0.0
USA,9.504394984105602e-05,3.5106323897101295e-06,0.0
USA,0.04111022502183914,0.007366562706617212,0.0
USA,0.24383696913719177,0.009960527037646032,0.0
USA,0.024908224120736122,0.0019275382708335254,0.0
USA,0.0903012752532959,0.007316000056619032,0.0
USA,0.4350000023841858,0.03144568253766111,0.0
USA,0.19531279802322388,0.025966029649225675,0.0
USA,0.00392273161560297,0.0001924467333358762,0.0
USA,0.013219605199992657,0.00015589036746706524,0.0
USA,0.12642470002174377,0.0040074621443416236,0.0
USA,0.07217825949192047,0.0020658384272588147,0.0
USA,0.2713510990142822,0.033861725139789856,0.0
USA,0.06310810148715973,0.00491846932798562,0.0
USA,0.001787557965144515,1.117223728215322e-05,0.0
USA,0.02147882990539074,0.0015774676924004726,0.0
USA,0.015372103080153465,0.000878866369073596,0.0
USA,0.04330695420503616,0.011673455773335364,0.0
USA,0.0007845462532714009,1.3947489141072665e-05,0.0
USA,0.10038270056247711,0.007610655319327597,0.0
USA,0.6234137415885925,0.03361567449238565,0.0
USA,0.0,0.0,0.0
USA,0.35186898708343506,0.01627720072721988,0.0
USA,0.07099999487400055,0.0021218375688587194,0.0
USA,0.012893314473330975,0.0008702016210215582,0.0
USA,0.23549333214759827,0.012084534024616784,0.0
USA,0.3851932883262634,0.04559725556543774,0.0
USA,0.04330695420503616,0.003044158502157326,0.0
USA,0.03719330206513405,0.0046075142269149764,0.0
USA,0.07217825949192047,0.003660106388765093,0.0
USA,0.07379211485385895,0.0020153899511314464,0.0
USA,0.2329999953508377,0.028115999277427115,0.0
USA,0.06212519481778145,0.009617680981976334,0.0
USA,0.2317720204591751,0.01968942391825991,0.0
USA,0.02996966801583767,0.0010268196043427221,0.0
USA,0.0,0.0,0.0
USA,0.0,0.0,0.0
USA,0.0,0.0,0.0
USA,0.0,0.0,0.0
USA,0.0,0.0,0.0
USA,0.0,0.0,0.0
USA,0.0,0.0,0.0
USA,0.0,0.0,0.0
USA,0.0,0.0,0.0
USA,0.0,0.0,0.0
USA,0.0,0.0,0.0
USA,0.0,0.0,0.0
USA,0.0,0.0,0.0
USA,0.0,0.0,0.0
USA,0.0,0.0,0.0
USA,0.0,0.0,0.0
USA,0.0,0.0,0.0
USA,0.0,0.0,0.0
USA,0.0,0.0,0.0
USA,0.0,0.0,0.0
USA,0.0,0.0,0.0
USA,0.0,0.0,0.0
USA,0.0076110633090138435,0.0002162233788774095,0.0
USA,0.0,0.0,0.0
USA,0.002807343378663063,3.4658560230408186e-05,0.0
USA,0.0,0.0,0.0
USA,0.0,0.0,0.0
USA,0.0,0.0,0.0
USA,0.0,0.0,0.0
USA,0.0,0.0,0.0
USA,0.0,0.0,0.0
USA,0.0029628057964146137,0.000253954782549824,0.0
USA,0.005708296783268452,7.928189976761739e-05,0.0
USA,0.0,0.0,0.0
USA,0.0,0.0,0.0
USA,0.0013126340927556157,5.7582933565451336e-05,0.0
USA,0.0,0.0,0.0
USA,0.005708296783268452,0.00010570919969015651,0.0
USA,0.0,0.0,0.0
USA,0.0,0.0,0.0
USA,0.0,0.0,0.0
USA,0.0,0.0,0.0
USA,0.0,0.0,0.0
USA,0.0,0.0,0.0
USA,0.0,0.0,0.0
USA,0.0,0.0,0.0
USA,0.0,0.0,0.0
USA,0.0,0.0,0.0
USA,0.0,0.0,0.0
USA,0.0,0.0,0.0
USA,0.0,0.0,0.0
USA,0.0019027658272534609,2.0986406870756655e-05,0.0
USA,0.0013126340927556157,5.366864029708397e-05,0.0
USA,0.0,0.0,0.0
USA,0.0,0.0,0.0
USA,0.0,0.0,0.0
USA,0.0,0.0,0.0
USA,0.0,0.0,0.0
USA,0.0,0.0,0.0
USA,0.0,0.0,0.0
USA,0.0,0.0,0.0
USA,0.0,0.0,0.0
USA,0.002205147175118327,0.00010533578794517477,0.0
USA,1.0139368772506714,0.4404779952019453,0.0
USA,0.01270964927971363,0.0016768830918812859,0.0
USA,0.988685131072998,0.34241565006474656,0.0
USA,0.010860729031264782,0.000762795101491065,0.0
USA,0.0052956873551011086,0.0005122359291635803,0.0
USA,1.5450035333633423,0.2432644662912935,0.0
USA,0.07846330106258392,0.008728449891402435,0.0
USA,0.3555094599723816,0.11304755322635174,0.0
USA,4.073718070983887,0.6683057655713388,0.0
USA,0.023889435455203056,0.0012318452833824268,0.0
USA,0.26519566774368286,0.01705497346618878,0.0
USA,0.21227502822875977,0.03861734069262942,0.0
USA,1.0139368772506714,0.12026899994331568,0.0
USA,0.09856806695461273,0.013610223302306882,0.0
USA,1.4202330112457275,0.2115245844500187,0.0
USA,0.00387918995693326,0.00048096853752213067,0.0
USA,0.5054323673248291,0.13394178203972323,0.0
USA,0.032999999821186066,0.0036603368337637223,0.0
USA,0.18111251294612885,0.04889776341068292,0.0
USA,0.11735715717077255,0.020263559953309595,0.0
USA,0.05968474596738815,0.005867378580862553,0.0
USA,0.6379109621047974,0.14736334968377682,0.0
USA,0.9861394762992859,0.1366280604686056,0.0
USA,2.1547961235046387,0.2728618661207812,0.0
USA,0.6548863649368286,0.16940623344410033,0.0
USA,0.11083555221557617,0.023542100393039316,0.0
USA,0.28479844331741333,0.040142909567238705,0.0
USA,0.029350977391004562,0.007596103511180748,0.0
USA,0.014985652640461922,0.005919399699450878,0.0
USA,1.602081298828125,0.2668318718012112,0.0
USA,0.0,0.0,0.0
USA,0.009668626822531223,0.0018473795951447552,0.0
USA,0.010142187587916851,0.001336904339590698,0.0
USA,0.004017672035843134,0.00014136253432500071,0.0
USA,1.0415087938308716,0.27738726465031505,0.0
USA,0.0026852660812437534,0.00023350908387935002,0.0
USA,0.08981551975011826,0.024277212203014643,0.0
USA,0.0,0.0,0.0
USA,0.1281091272830963,0.02012471596826799,0.0
USA,0.0043040732853114605,0.0006128546600393747,0.0
USA,0.0022044198121875525,0.0002137614714801775,0.0
USA,0.6548863649368286,0.14123014817078,0.0
USA,0.07154874503612518,0.007143589320202452,0.0
USA,1.1473790407180786,0.1727747509488836,0.0
USA,0.0012321630492806435,0.00015225004100708853,0.0
USA,1.1651519536972046,0.23845870594183605,0.0
USA,0.4494672417640686,0.09402469403686978,0.0
USA,0.8688064813613892,0.0914144703997798,0.0
USA,0.2928710877895355,0.047490329520466425,0.0
USA,0.18559184670448303,0.02898506606929697,0.0
USA,0.6964349746704102,0.18429639829056604,0.0
USA,0.3592829704284668,0.05144698138756212,0.0
USA,0.493619441986084,0.14991546966135502,0.0
USA,0.36544960737228394,0.16721625595043102,0.0
USA,0.14473214745521545,0.0319335194539495,0.0
USA,0.26370933651924133,0.015175160262463449,0.0
USA,0.18508365750312805,0.02382953442699675,0.0
USA,0.0052956873551011086,0.00048092013417368033,0.0
USA,1.151568055152893,0.2610785915915455,0.0
USA,0.0052956873551011086,0.00043306953390128913,0.0
USA,0.7329623699188232,0.11088981005097075,0.0
USA,0.3801518976688385,0.06194308786992527,0.0
USA,0.019624952226877213,0.0014427451004892298,0.0
USA,3.573092222213745,0.6049172654747963,0.0
USA,0.000390893139410764,2.798569317342804e-05,0.0
USA,0.6111956834793091,0.1404077608366402,0.0
USA,0.0,0.0,0.0
USA,2.673419952392578,0.9554110455016295,0.0
USA,0.0908316820859909,0.021800451553353924,0.0
USA,1.0973902940750122,0.30783147179625103,0.0
USA,0.0908316820859909,0.025839524174807595,0.0
USA,0.0,0.0,0.0
USA,0.13367512822151184,0.01891993751217212,0.0
USA,1.1398251056671143,0.22757269429663818,0.0
USA,0.03500000014901161,0.005018627194970447,0.0
USA,0.988685131072998,0.22614945066826683,0.0
USA,1.1651519536972046,0.1591392228147015,0.0
USA,0.005803913809359074,0.0012135439677081195,0.0
USA,0.04736179858446121,0.019141982828399965,0.0
USA,0.9949339628219604,0.1025063638791575,0.0
USA,0.8050848841667175,0.1548154511385494,0.0
USA,1.1651519536972046,0.24288201570510864,0.0
USA,0.5689135193824768,0.1396688646823168,0.0
USA,0.024570530280470848,0.003133799848740182,0.0
USA,0.024570530280470848,0.00389156846098818,0.0
USA,0.08981551975011826,0.009934089232249081,0.0
USA,1.1767209768295288,0.21571413182343047,0.0
USA,0.1618637591600418,0.06850674971938134,0.0
USA,1.262961506843567,0.48129046310981116,0.0
USA,0.0,0.0,0.0
USA,0.03446843475103378,0.0020260586464116515,0.0
USA,6.365346780512482e-05,3.5176916298951256e-06,0.0
USA,0.20459429919719696,0.09778638230636716,0.0
USA,0.000748580030631274,7.269435946000158e-05,0.0
USA,1.602081298828125,0.2056281985359318,0.0
USA,0.8688064813613892,0.07699906797967872,0.0
USA,0.019624952226877213,0.0030368935237371866,0.0
USA,0.022202659398317337,0.002226120920113317,0.0
USA,0.0012552740518003702,8.943827531766147e-05,0.0
USA,0.0,0.0,0.0
USA,0.0,0.0,0.0
USA,0.0,0.0,0.0
USA,0.0,0.0,0.0
USA,0.0,0.0,0.0
USA,0.0,0.0,0.0
USA,0.0,0.0,0.0
USA,0.0,0.0,0.0
USA,0.0,0.0,0.0
USA,0.0,0.0,0.0
USA,0.0,0.0,0.0
USA,0.0,0.0,0.0
USA,0.0,0.0,0.0
USA,0.0,0.0,0.0
USA,0.0,0.0,0.0
USA,0.0,0.0,0.0
USA,0.0,0.0,0.0
USA,0.0,0.0,0.0
USA,0.0429999977350235,0.0018229165968174736,0.0
USA,0.0,0.0,0.0
USA,0.03400000184774399,0.0006800000369548797,0.0
USA,0.0,0.0,0.0
USA,0.0,0.0,0.0
USA,0.0,0.0,0.0
USA,0.0,0.0,0.0
USA,0.0,0.0,0.0
USA,0.0,0.0,0.0
USA,0.0,0.0,0.0
USA,0.0,0.0,0.0
USA,0.0,0.0,0.0
USA,0.0,0.0,0.0
USA,0.0,0.0,0.0
USA,0.0,0.0,0.0
USA,0.0,0.0,0.0
USA,0.0,0.0,0.0
USA,0.0,0.0,0.0
USA,0.0,0.0,0.0
USA,0.0,0.0,0.0
USA,0.0,0.0,0.0
USA,0.0,0.0,0.0
USA,0.0,0.0,0.0
USA,0.0,0.0,0.0
USA,0.0,0.0,0.0
USA,0.0,0.0,0.0
USA,0.0,0.0,0.0
USA,0.0,0.0,0.0
USA,0.0,0.0,0.0
USA,0.0,0.0,0.0
USA,0.0,0.0,0.0
USA,0.0,0.0,0.0
USA,0.0,0.0,0.0
USA,0.0,0.0,0.0
USA,0.0,0.0,0.0
USA,0.26710766553878784,0.06280640808399766,0.0
USA,0.686353325843811,0.12547537622352442,0.0
USA,0.15805365145206451,0.09649159712716937,0.0
USA,0.01196783222258091,0.0009667796817262166,0.0
USA,0.07704164832830429,0.025479328692225474,0.0
USA,0.686353325843811,0.28127032544996056,0.0
USA,0.017093077301979065,0.0036791415535844863,0.0
USA,0.16393230855464935,0.041629025735892354,0.0
USA,0.3110101819038391,0.1710007992417862,0.0
USA,0.003183483611792326,0.0002396278501691995,0.0
USA,0.6989820599555969,0.38356930762529373,0.0
USA,0.5257548093795776,0.3668585817019145,0.0
USA,0.2389024943113327,0.14504853573938212,0.0
USA,0.32803231477737427,0.14007114872336388,0.0
USA,0.001024933299049735,4.238445996764183e-05,0.0
USA,0.12019475549459457,0.05737138642663402,0.0
USA,0.2895495593547821,0.1810953952372074,0.12513074278831482
USA,0.016869015991687775,0.007944609861754413,0.0
USA,0.5503159165382385,0.29139498906830946,0.05617036297917366
USA,0.173214852809906,0.08994077571800776,0.0
USA,0.6172927021980286,0.2020633877920253,0.0
USA,0.14177419245243073,0.04497408015387399,0.0
USA,0.25279149413108826,0.13240942023694516,0.0
USA,0.40504369139671326,0.2723405435681343,0.0
USA,0.5921746492385864,0.2976575040568908,0.0
USA,0.3369412422180176,0.14164717412657207,0.05661475658416748
USA,0.05312322825193405,0.006172718089267922,0.0
USA,0.02668166160583496,0.013001601425930858,0.0
USA,0.459404319524765,0.2158192127632598,0.0
USA,0.03683838993310928,0.009925534578117852,0.0
USA,0.2732172906398773,0.12093722176117201,0.0
USA,0.31428369879722595,0.1394115837911765,0.0
USA,0.5640422105789185,0.25851681316271424,0.0
USA,0.016878193244338036,0.002815254737409608,0.0
USA,0.8323493003845215,0.2215642813593149,0.0
USA,0.3839319944381714,0.14061512095587594,0.0
USA,0.21765299141407013,0.08630834287032485,0.0
USA,0.1544552594423294,0.0625241139038865,0.0
USA,0.15508535504341125,0.11403425969183445,0.0
USA,0.22356510162353516,0.03363494858145714,0.0
USA,0.03244546055793762,0.0024184553203667747,0.0
USA,0.1478676199913025,0.09234697840043476,0.0
USA,0.012553508393466473,0.005532885193436717,0.0
USA,0.29439687728881836,0.04054516903609814,0.0
USA,0.1478676199913025,0.0903979864503656,0.0
USA,0.6989820599555969,0.40229813506205875,0.0
USA,0.09494831413030624,0.024952666908502577,0.0
USA,0.6713992953300476,0.11440705799032003,0.0
USA,0.5921746492385864,0.29609541048606236,0.0
USA,0.0063730827532708645,0.0009143546260366705,0.0
USA,0.609840452671051,0.3166956690450509,0.0
USA,0.10346318781375885,0.013804566604600646,0.0
USA,0.04679926484823227,0.01215357318454023,0.0
USA,0.6001445651054382,0.3593453422188759,0.0
USA,0.5266231298446655,0.36972188893705604,0.05617036297917366
USA,0.0614868625998497,0.0162399254196013,0.0
USA,0.459404319524765,0.23164421934634447,0.05617036297917366
USA,0.07270859181880951,0.023976398694018523,0.0
USA,0.3137577772140503,0.15650634467601776,0.0
USA,0.12019475549459457,0.041129136675347885,0.008340469561517239
USA,0.0614868625998497,0.01983603850627939,0.0
USA,0.12726622819900513,0.05043666309211403,0.0
USA,0.4264996647834778,0.17902187692622343,0.0
USA,0.14762577414512634,0.06869237947588165,0.0
USA,0.4660893976688385,0.26239140225308283,0.0
USA,0.3839319944381714,0.1096210420780283,0.0
USA,0.02668166160583496,0.011786862579174339,0.0010994273470714688
USA,0.3366577625274658,0.20713240886107087,0.0798564925789833
USA,0.10860909521579742,0.060370707884430885,0.0
USA,0.15497854351997375,0.110690179169178,0.0
USA,0.3839319944381714,0.17201058147475123,0.0
USA,0.1357283741235733,0.10090217774822599,0.0
USA,0.29861053824424744,0.0677952397003537,0.0
USA,0.20274285972118378,0.14905539474317006,0.08417270332574844
USA,0.5503159165382385,0.3556365333497524,0.0
USA,0.013273349031805992,0.0019382312420930248,0.0
USA,0.016869015991687775,0.00439792311014268,0.0
USA,0.013855865225195885,0.0027907814752931395,0.0
USA,0.04367876797914505,0.007791315056238091,0.0
USA,0.6456838250160217,0.4424868130683899,0.0
USA,0.686353325843811,0.27576282651474077,0.0
USA,0.22356510162353516,0.06290822535132369,0.0
USA,0.26272743940353394,0.14375300165265797,0.0
USA,0.07036789506673813,0.022204118967056274,0.0
USA,0.10416968166828156,0.039840521007135976,0.0
USA,0.1413029283285141,0.07998343572641413,0.0
USA,0.8323493003845215,0.22821442956725757,0.0
USA,0.4329095780849457,0.2760013841092587,0.15899308025836945
USA,1.1288554668426514,0.5503505165023463,0.0
USA,0.1437917947769165,0.03850795854620325,0.00070694595342502
USA,0.38999998569488525,0.06087652177302516,0.0
USA,0.020346149802207947,0.0005690846198349116,0.0
USA,0.00022971459839027375,7.813421602588191e-06,0.0
USA,1.681525468826294,0.49437285901180333,0.0
USA,0.43331536650657654,0.049480741302330794,0.0
USA,0.1770523488521576,0.03238131155497589,0.0
USA,1.5370129346847534,0.31338593403675724,0.0
USA,0.1770317554473877,0.017014741197272087,0.0
USA,1.1288554668426514,0.5421948915436154,0.0
USA,0.2559589147567749,0.11116624487719189,0.0
USA,0.025317829102277756,0.0038791245057533765,0.0
USA,0.8593344688415527,0.2066915844167982,0.0
USA,0.38999998569488525,0.07033805968239903,0.0
USA,0.3315773904323578,0.04164094725361641,0.0
USA,0.1772741824388504,0.024716333295093915,0.0
USA,3.346930742263794,2.318333113193512,0.0
USA,2.0537426471710205,0.429693870170384,0.0
USA,0.7040640115737915,0.203298049519516,0.0
USA,3.346930742263794,1.3800109326839447,0.305836021900177
USA,0.7031980752944946,0.23235564730518188,0.000517417152877897
USA,0.20764072239398956,0.026988969532520436,0.0
USA,1.2241294384002686,0.2048946689481714,0.00039549428038299084
USA,0.8593344688415527,0.08151614514257138,0.0
USA,0.4624580442905426,0.07672229978870745,0.0
USA,0.12170565128326416,0.030239552542168115,0.00039549428038299084
USA,0.08704542368650436,0.00302566938844393,0.0
USA,0.0,0.0,0.0
USA,0.37876656651496887,0.03037710343924118,0.0
USA,0.6665247678756714,0.251794271543622,0.0
USA,0.4121694564819336,0.07326848050191377,0.0
USA,0.17486202716827393,0.008702887980718284,0.0
USA,0.7488813996315002,0.24731802748782294,0.0
USA,0.04906482622027397,0.0039003848403808663,0.0
USA,1.9019838571548462,0.3524411124450125,0.0
USA,1.5716392993927002,0.5924464460048411,0.07315855473279953
USA,0.17486202716827393,0.020193579112755187,0.0
USA,0.626482367515564,0.30812636273247856,0.0
USA,0.8147488832473755,0.21416586987033953,0.0
USA,0.45716938376426697,0.13469117161730537,7.909884152468294e-05
USA,1.5370129346847534,0.4659825874758618,0.0
USA,0.3291394114494324,0.05072311764633923,0.0
USA,0.5563598871231079,0.11821255856193602,0.0
USA,0.1239754781126976,0.038769066186311346,0.0
USA,3.040393114089966,1.6730343770980836,0.0
USA,0.8593344688415527,0.17183943163189624,0.0
USA,1.3691956996917725,0.21059396245982498,0.0
USA,0.6880255937576294,0.17641455579238632,0.0
USA,0.04119117930531502,0.0022120842310999122,0.0
USA,1.0481164455413818,0.34570421038993765,0.0
USA,1.6162182092666626,0.8144384555186012,0.0
USA,2.635474681854248,2.103975758552551,1.5349212884902954
USA,0.4138239920139313,0.14458344743720122,0.0
USA,1.5370129346847534,0.32997820978718145,0.019623640924692154
USA,0.9126392602920532,0.30260681733489037,0.0
USA,3.7834510803222656,1.08891701615519,0.0
USA,3.346930742263794,2.6412602603435515,1.8092046976089478
USA,1.6539294719696045,0.6031385925081041,0.0
USA,1.0617811679840088,0.47718717106100583,0.0
USA,0.584004282951355,0.14652384062194163,0.0
USA,0.11695213615894318,0.017575768162108336,0.0
USA,0.8593344688415527,0.20068854603561617,0.0
USA,0.46476373076438904,0.07217735488084145,0.0
USA,0.0576138012111187,0.002759342463776898,0.0
USA,3.040393114089966,1.8923941287729475,0.0
USA,0.3660169541835785,0.1302307197025844,0.0
USA,0.79510098695755,0.4141308329999447,0.0
USA,0.4722418785095215,0.12765256206621417,0.0006095701246522367
USA,0.06923623383045197,0.007478935049726311,0.0
USA,0.12990501523017883,0.012775285959096869,0.0
USA,2.4161386489868164,0.9857962793774075,0.0
USA,2.587491273880005,0.9555382907390595,0.0
USA,2.6286351680755615,1.7244880029133387,1.1898853778839111
USA,0.7939711809158325,0.13921446923009675,0.0
USA,0.37876656651496887,0.031811368777540906,0.0
USA,0.26846128702163696,0.04171071328565464,0.0
USA,0.0,0.0,0.0
USA,0.00842203013598919,0.00021055075339972972,0.0
USA,0.0,0.0,0.0
USA,0.049633126705884933,0.011269881687288338,0.0
USA,0.0004477539623621851,2.385990245827651e-05,0.0
USA,0.011229373514652252,0.000686526741547924,0.0
USA,0.0,0.0,0.0
USA,0.019651401787996292,0.001814321877794679,0.0
USA,0.09732122719287872,0.0004915213494589834,0.0
USA,0.009357810951769352,0.0001157989996457379,0.0
USA,0.0,0.0,0.0
USA,0.0,0.0,0.0
USA,0.2751196324825287,0.0017180742902888192,0.0
USA,0.0,0.0,0.0
USA,0.02058718539774418,0.00031476274810054083,0.0
USA,0.07400000095367432,0.0018500000238418578,0.0
USA,0.01216515339910984,0.0002888213199229888,0.0
USA,0.1562754362821579,0.0007339459277835547,0.0
USA,0.08799999952316284,0.0009972752017133376,0.0
USA,0.011229373514652252,7.860561460256576e-05,0.0
USA,0.01590827852487564,0.0008188084660408398,0.0
USA,0.0,0.0,0.0
USA,0.11697264015674591,0.0016142075029867036,0.0
USA,0.0,0.0,0.0
USA,0.0,0.0,0.0
USA,0.039302803575992584,0.00021866478453173637,0.0
USA,0.01590827852487564,0.000772019405849278,0.0
USA,0.0,0.0,0.0
USA,0.036260928958654404,0.002304867694116789,0.0
USA,0.0,0.0,0.0
USA,0.0,0.0,0.0
USA,0.010999999940395355,6.874999962747097e-05,0.0
USA,0.0,0.0,0.0
USA,5.6857639719964936e-05,1.0529192540734247e-06,0.0
USA,0.0,0.0,0.0
USA,0.01216515339910984,0.000304128834977746,0.0
USA,0.0,0.0,0.0
USA,0.0,0.0,0.0
USA,0.0,0.0,0.0
USA,0.0,0.0,0.0
USA,0.0,0.0,0.0
USA,7.706265751039609e-05,1.1008951072913728e-06,0.0
USA,0.015340608544647694,0.0009071274752285616,0.0
USA,0.000400725839426741,1.0179882337979507e-05,0.0
USA,0.0,0.0,0.0
USA,0.0,0.0,0.0
USA,0.0007295265677385032,2.483130265318323e-05,0.0
USA,0.017560012638568878,0.002860360528939054,0.0
USA,0.0006113637937232852,2.0378793124109507e-05,0.0
USA,0.02211698517203331,0.0021984614806839016,0.0
USA,0.0,0.0,0.0
USA,0.0,0.0,0.0
USA,0.0156848207116127,0.0014727530839688068,0.0
USA,0.022576790302991867,0.004461538805117016,0.0
USA,0.01613178290426731,0.0015441644676078188,0.0
USA,0.0,0.0,0.0
USA,0.0,0.0,0.0
USA,0.0,0.0,0.0
USA,0.0008937789825722575,8.937789825722576e-05,0.0
USA,0.0045312843285501,0.00022409821805922548,0.0
USA,0.0,0.0,0.0
USA,0.013839999213814735,0.001334252294327598,0.0
USA,0.0,0.0,0.0
USA,0.0,0.0,0.0
USA,0.0,0.0,0.0
USA,0.026550114154815674,0.0028059755612568032,0.0
USA,0.015340608544647694,0.00042001774836906557,0.0
USA,0.0,0.0,0.0
USA,0.0,0.0,0.0
USA,0.0,0.0,0.0
USA,7.70626593293855e-06,5.137510743224994e-07,0.0
USA,0.0,0.0,0.0
USA,0.0,0.0,0.0
USA,0.0,0.0,0.0
USA,0.0,0.0,0.0
USA,0.003226356115192175,0.00032377019247557354,0.0
USA,0.004906322807073593,0.00017931888403556793,0.0
USA,0.0,0.0,0.0
USA,0.0,0.0,0.0
USA,0.0,0.0,0.0
USA,5.9081368817714974e-05,1.7736643236449232e-06,0.0
USA,0.0008937789825722575,2.234447456430644e-05,0.0
USA,0.0015874909004196525,0.000244192317722991,0.0
USA,0.0,0.0,0.0
USA,0.0009067706996574998,3.889829687458197e-05,0.0
USA,0.0,0.0,0.0
USA,0.0008937789825722575,0.0001489631637620429,0.0
USA,0.0040868897922337055,0.00019576056928372054,0.0
USA,0.009917965158820152,0.0007505658725546839,0.0
USA,0.003226356115192175,0.0001514709311019639,0.0
USA,0.0,0.0,0.0
USA,0.0017600000137463212,8.452501245821103e-05,0.0
USA,0.004906322807073593,0.0003223788003521934,0.0
USA,0.0001310064981225878,7.92644446586824e-06,0.0
USA,0.001199608901515603,3.071803594896968e-05,0.0
USA,0.0,0.0,0.0
USA,0.0,0.0,0.0
USA,0.0,0.0,0.0
USA,0.03689032793045044,0.0021703879926159666,0.0
USA,0.00012586901721078902,4.233689415505742e-06,0.0
USA,0.0,0.0,0.0
USA,0.000801451678853482,5.963182135409235e-05,0.0
USA,0.0,0.0,0.0
USA,0.0,0.0,0.0
USA,4.322570745785015e-09,2.401428192102786e-10,0.0
USA,0.004756913986057043,0.00029730771848207604,0.0
USA,0.0,0.0,0.0
USA,4.322570745785015e-09,1.029183510901194e-10,0.0
USA,2.3331661224365234,0.4743533457318942,0.0
USA,2.7837278842926025,0.9689922243770626,0.0
USA,2.37274432182312,0.30868433258082306,0.0
USA,2.3331661224365234,0.6043757290712425,0.0
USA,1.719730019569397,0.45067590579390526,0.0
USA,2.5901710987091064,0.8321918721709932,0.0
USA,0.5286986231803894,0.0953052721612336,0.0
USA,1.0480936765670776,0.09987814918118106,0.0
USA,3.074530601501465,0.5750344038009644,0.0
USA,0.5505889654159546,0.01776840799916849,0.0
USA,1.3034250736236572,0.5332320014635722,0.0
USA,1.3815604448318481,0.3770983224468572,0.0
USA,0.7632034420967102,0.11378251605977614,0.0
USA,1.9370073080062866,0.23512404890997068,0.0
USA,0.5634955167770386,0.03326588967001953,0.0
USA,1.8189289569854736,0.3630382101982832,0.0
USA,0.947614312171936,0.25271549622217815,0.0
USA,0.6835607290267944,0.05602323074466161,0.0
USA,2.6053249835968018,1.0834741592407227,0.0
USA,1.6175987720489502,0.3161966847521918,0.0
USA,1.8189289569854736,0.32007562482936514,0.0
USA,0.5505889654159546,0.08860900381761086,0.0
USA,2.355459451675415,0.5665833193343133,0.0
USA,1.6272192001342773,0.49181881129741667,0.0
USA,0.23155581951141357,0.046379207633435726,0.0
USA,0.9426379203796387,0.07553439636992859,0.0
USA,0.3906722068786621,0.06750632953157441,0.0
USA,1.138675332069397,0.19173998070792073,0.0
USA,1.262961506843567,0.3969132421272142,0.0
USA,1.3609111309051514,0.3197711147367954,0.0
USA,1.020612120628357,0.18718528021126984,0.0
USA,0.8834952116012573,0.15380587560745576,0.0
USA,0.947614312171936,0.14814013165111342,0.0
USA,0.4659470021724701,0.09934232284625372,0.0
USA,2.1615777015686035,0.4233745778245585,0.0
USA,1.6175987720489502,0.41020057499408724,0.0
USA,4.505727767944336,0.82634614225553,0.0
USA,2.470162868499756,0.382839347068698,0.0
USA,2.2441554069519043,0.6763325835267703,0.0
USA,3.074530601501465,0.17469838314822742,0.0
USA,2.3971705436706543,0.7316393201549848,0.0
USA,2.669355869293213,0.7516485080122948,0.0
USA,3.074530601501465,0.21497380267828703,0.0
USA,1.6175987720489502,0.5525769169131914,0.0
USA,1.161827564239502,0.2450974223514398,0.0
USA,1.180350661277771,0.5593044570514134,0.0
USA,0.027570735663175583,0.0027759469424684844,0.0
USA,0.24086430668830872,0.06831088046957222,0.0
USA,0.0023932699114084244,0.0002572316086298088,0.0
USA,0.05159999802708626,0.0030411428056790362,0.0
USA,0.10867561399936676,0.029014311664338623,0.0
USA,0.028999999165534973,0.003062499927182216,0.0
USA,0.048701249063014984,0.002650329328025691,0.0
USA,0.26325464248657227,0.03446229208202567,0.0
USA,0.030444253236055374,0.0005194734230393632,0.0
USA,0.0,0.0,0.0
USA,0.05159999802708626,0.001527075173306422,0.0
USA,0.07036063075065613,0.009200138243613765,0.0
USA,0.0,0.0,0.0
USA,0.001999999862164259,0.00011428570640938622,0.0
USA,0.0,0.0,0.0
USA,0.3019999861717224,0.0248844209437569,0.0
USA,0.03287665545940399,0.007634234149008989,0.0
USA,0.003000000026077032,6.666666724615626e-05,0.0
USA,0.01869860664010048,0.0024307433981448413,0.0
USA,0.0,0.0,0.0
USA,0.0,0.0,0.0
USA,0.04699999839067459,0.007199999791654674,0.0
USA,0.08786819875240326,0.007272412358209597,0.0
USA,0.2470976859331131,0.03307204414741136,0.0
USA,0.0009999999310821295,3.1249997846316546e-05,0.0
USA,0.0,0.0,0.0
USA,0.028541484847664833,0.0015497287359638985,0.0
USA,0.09862996637821198,0.01925404549443296,0.0
USA,0.2971911132335663,0.07280764446893175,0.0
USA,0.04599999636411667,0.014070300087332725,0.0
USA,0.030444253236055374,0.0005779578180712027,0.0
USA,0.043439578264951706,0.0038760040680327536,0.0
USA,0.0,0.0,0.0
USA,0.2917814552783966,0.06589122149453033,0.0
USA,0.009008100256323814,0.001102852559396725,0.0
USA,0.16881892085075378,0.03326501432041239,0.0
USA,0.0513419508934021,0.004321352619660535,0.0
USA,0.13972578942775726,0.08747397932327455,0.0
USA,0.06461184471845627,0.020121278148144482,0.0
USA,0.0,0.0,0.0
USA,0.0,0.0,0.0
USA,0.0513419508934021,0.002612746343099085,0.0
USA,0.0,0.0,0.0
USA,0.10357526689767838,0.0214263506544133,0.0
USA,0.04599999636411667,0.0010454544628208334,0.0
USA,0.14000000059604645,0.0076734989994506845,0.0
USA,0.005708296783268452,0.0003818264821981729,0.0
USA,0.13972578942775726,0.0664762957021594,0.0
USA,0.06461184471845627,0.0018460527062416077,0.0
USA,0.01899999938905239,0.0015599999949336052,0.0
USA,0.3019999861717224,0.006126374816180988,0.0
USA,0.026398425921797752,0.0006628916958685626,0.0
USA,0.36502566933631897,0.06050892187178963,0.0
USA,0.0009999999310821295,3.57142832529332e-05,0.0
USA,0.13698607683181763,0.05764830434539666,0.0
USA,0.01347038708627224,0.0009129851696343394,0.0
USA,0.217839315533638,0.014810785850776094,0.0
USA,0.029999997466802597,0.0008690929956786448,0.0
USA,0.3717440068721771,0.053013627019986,0.0
USA,0.004630482289940119,0.00041340143862643425,0.0
USA,0.004195003770291805,9.550990782574647e-05,0.0
USA,0.0,0.0,0.0
USA,0.08628000319004059,0.002981714390417827,0.0
USA,0.014999998733401299,0.0003333333051866955,0.0
USA,0.0,0.0,0.0
USA,0.006599606480449438,0.00015456289137628945,0.0
USA,0.30615001916885376,0.07960318649808566,0.0
USA,0.1632576286792755,0.07302675967415174,0.0
USA,0.07373035699129105,0.01404859997897542,0.0
USA,0.43580740690231323,0.16674528941512107,0.0
USA,0.49081215262413025,0.04909648374499132,0.0
USA,0.5174662470817566,0.1446280624717474,0.0
USA,0.4825679659843445,0.09053151574917137,0.0
USA,0.07500000298023224,0.02468543596332893,0.0
USA,0.10527826845645905,0.036702647941031806,0.0
USA,0.000706091639585793,3.284568127128295e-05,0.0
USA,0.0,0.0,0.0
USA,0.30785423517227173,0.1277572387456894,0.0
USA,0.7963331341743469,0.30297250194208963,0.0
USA,0.14451666176319122,0.02445075712684128,0.0
USA,0.4019778370857239,0.08566051770176272,0.0
USA,0.09993311017751694,0.03278638791292906,0.0
USA,0.1591160148382187,0.05796666047535837,0.0
USA,0.7737109661102295,0.18862422254113925,0.0
USA,0.0343509204685688,0.0023720932259623496,0.0
USA,0.16732898354530334,0.050351982722835,0.0
USA,0.13957472145557404,0.04239861507085152,0.0
USA,0.020933613181114197,0.002219814627096639,0.0
USA,0.14030508697032928,0.08806337757656972,0.0
USA,0.4369972348213196,0.21334382116794587,0.07143064588308334
USA,0.487474262714386,0.2187281823406617,0.0
USA,0.10864057391881943,0.052739644050598146,0.0
USA,0.14343324303627014,0.06841841395944356,0.0
USA,0.25470367074012756,0.12922227854530016,0.0
USA,0.7963331341743469,0.2781523190438747,0.0
USA,0.26370933651924133,0.03769297149154313,0.0
USA,0.5057103633880615,0.16548216613009573,0.0
USA,0.2357613742351532,0.07248890964935223,0.0
USA,0.4784661829471588,0.08693221002994549,0.0
USA,0.554998517036438,0.16755096334964037,0.0
USA,0.2178911715745926,0.08248027419671417,0.00421126326546073
USA,0.2365732491016388,0.07000483382027596,0.0008106216555461287
USA,0.7895212769508362,0.08587002602871507,0.0
USA,0.19082807004451752,0.1102315754443407,0.0
USA,0.3081907331943512,0.16322674497961998,0.0
USA,0.18657000362873077,0.018364968362341947,0.0
USA,0.020933613181114197,0.0017514624953037128,0.0
USA,0.01056702621281147,0.0013164308224481323,0.0
USA,0.04743527993559837,0.007386624508459742,0.0
USA,0.1529771089553833,0.048672118471586145,0.00243967748247087
USA,0.5471758246421814,0.1084420330201586,0.0
USA,0.0,0.0,0.0
USA,0.30615001916885376,0.0651746674241232,0.0
USA,0.187676340341568,0.08388407099992037,0.0
USA,0.3940095007419586,0.1226996025070548,0.0
USA,0.1824696958065033,0.06663540713489055,0.0
USA,0.06794364005327225,0.01350618740398204,0.0
USA,0.24477174878120422,0.10480351646741232,0.0
USA,0.49081215262413025,0.06180862244218588,0.0
USA,0.1351775974035263,0.02251107580959797,0.004034834448248148
USA,0.3081907331943512,0.11551898225831489,0.0
USA,0.22007930278778076,0.10283697148164113,0.0
USA,0.26822975277900696,0.10661982253193855,0.0
USA,0.183528333902359,0.0290832717908502,0.0
USA,0.11216585338115692,0.04334448203444481,0.0
USA,0.26401787996292114,0.12948359355330466,0.0
USA,0.28613829612731934,0.048980154221256574,0.0
USA,0.49081215262413025,0.06438078527294454,0.0
USA,0.0010795749258249998,5.108158256916795e-05,0.0
USA,0.15214738249778748,0.07171721523627639,0.0
USA,0.48687630891799927,0.1468084121921233,0.0
USA,0.5556000471115112,0.15817841328680515,0.0
USA,0.5983956456184387,0.211512618586421,0.0
USA,0.01848762109875679,0.002523380931233987,0.0
USA,0.24463167786598206,0.08076340394715469,0.0
USA,0.8524631261825562,0.17450783882911006,0.0
USA,0.43318405747413635,0.10643547032668721,0.0
USA,0.28613829612731934,0.08985813915729522,0.0
USA,0.38336095213890076,0.07393961815784375,0.0
USA,0.028348956257104874,0.0037941207410767674,0.0
USA,0.09349854290485382,0.03061842918395996,0.0
USA,0.4354804456233978,0.07027466077623623,0.0
USA,0.4265438914299011,0.09186126266916593,0.0
USA,0.2876470386981964,0.024222910675841074,0.0
USA,0.5204293727874756,0.300374798476696,0.0
USA,0.12764553725719452,0.03665431140689179,0.0
USA,0.0013357453281059861,5.0624137899527946e-05,0.0
USA,0.23315250873565674,0.033900948493464964,0.0
USA,0.1351775974035263,0.02350297082992054,0.0
USA,0.40178197622299194,0.19648943841457367,0.0
USA,0.053595252335071564,0.01449832774233073,0.0
USA,0.008316190913319588,0.0005624483761494048,0.0
USA,0.6290711164474487,0.3131253644824028,0.16000017523765564
USA,0.43580740690231323,0.23445158591493964,0.0
USA,0.5057103633880615,0.09228417334728874,0.0
USA,0.051274895668029785,0.004114379604106944,0.0
USA,0.10600994527339935,0.034408530523069206,0.0008106216555461287
USA,0.41724854707717896,0.13080131664561728,0.0
USA,0.3419278860092163,0.10751442176600297,0.0
USA,0.05023959279060364,0.006338245775883219,0.0
USA,0.10159313678741455,0.03325080646734153,0.0
USA,1.9728094339370728,1.0768571145950803,0.0
USA,4.8131831135833636e-05,9.626366227166726e-07,0.0
USA,1.624760627746582,0.6494177753726641,0.0
USA,0.0,0.0,0.0
USA,0.0,0.0,0.0
USA,0.07814080268144608,0.006603264226416488,0.0
USA,0.0,0.0,0.0
USA,0.009654000401496887,0.0003909135125684857,0.0
USA,0.0009746694704517722,6.698346164739633e-05,0.0
USA,0.0,0.0,0.0
USA,0.0,0.0,0.0
USA,0.0,0.0,0.0
USA,0.0,0.0,0.0
USA,0.001217106357216835,4.400472782974787e-05,0.0
USA,0.0,0.0,0.0
USA,0.0,0.0,0.0
USA,0.0021178002934902906,0.00024533863696281816,0.0
USA,1.684385895729065,0.229033717569629,0.0
USA,2.5275955200195312,0.6550062245999774,0.0
USA,0.005864887963980436,0.00042570805106623556,0.0
USA,0.42840829491615295,0.03306411320227198,0.0
USA,0.0,0.0,0.0
USA,0.008943827822804451,0.0003989978219448988,0.0
USA,0.0,0.0,0.0
USA,0.06546729058027267,0.002457480877637863,0.0
USA,0.1068883091211319,0.010111633210908622,0.0
USA,0.0,0.0,0.0
USA,0.0,0.0,0.0
USA,0.0011038165539503098,7.617343702322058e-05,0.0
USA,0.002948976820334792,0.0002752378427733978,0.0
USA,0.010809851810336113,0.00030446947958908923,0.0
USA,3.6553502082824707,1.1576639314492543,0.0
USA,0.20096154510974884,0.07092690511296193,0.004864186979830265
USA,4.257192134857178,2.7035355933010576,0.4281863272190094
USA,0.055820465087890625,0.017749051672096054,0.0
USA,0.027287328615784645,0.002379637984060017,0.0
USA,2.969193935394287,1.1343756062643868,0.0
USA,0.0,0.0,0.0
USA,0.3622925877571106,0.041741987923160195,0.0
USA,0.008537383750081062,0.0015333999518891992,0.0
USA,0.0,0.0,0.0
USA,0.0,0.0,0.0
USA,0.8281131982803345,0.5657169828812282,0.28912073373794556
USA,0.03652062639594078,0.0023623559973202646,0.0
USA,0.04551171511411667,0.001343009481211589,0.0
USA,0.0,0.0,0.0
USA,0.42465266585350037,0.03634614144851055,0.0
USA,0.00031381851295009255,8.717180915280349e-06,0.0
USA,1.0281579494476318,0.26651290245354176,0.0
USA,0.1689833700656891,0.007441493625828159,0.0
USA,0.0,0.0,0.0
USA,0.0001744779001455754,4.440734712607948e-06,0.0
USA,0.0,0.0,0.0
USA,0.0001443954824935645,4.8131828017566085e-06,0.0
USA,0.015269825235009193,0.0005841347745834875,0.0
USA,0.0520709753036499,0.007455485731528219,0.0
USA,1.2466388940811157,0.867917560868793,0.601432740688324
USA,0.0063052698969841,0.0008306083442322335,0.0
USA,0.19531279802322388,0.023096945325421444,0.0
USA,0.5438967943191528,0.20726952755025455,0.0
USA,1.0281579494476318,0.6159434429236821,0.2683262228965759
USA,0.0031091475393623114,7.383096228641946e-05,0.0
USA,0.0,0.0,0.0
USA,0.0,0.0,0.0
USA,0.06358747184276581,0.0047054096115365,0.0
USA,0.0,0.0,0.0
USA,0.11147133260965347,0.020002489483782224,0.0
USA,0.0005114007508382201,3.85054678342082e-05,0.0
USA,0.0,0.0,0.0
USA,0.0,0.0,0.0
USA,1.9141795635223389,0.7711046822369099,0.0
USA,1.7139453887939453,0.19789526940855598,0.0
USA,0.5518381595611572,0.049890490832391755,0.0
USA,0.43331536650657654,0.13552698842724975,0.0
USA,0.0,0.0,0.0
USA,6.016478801029734e-05,1.7189939474822797e-06,0.0
USA,0.0,0.0,0.0
USA,0.0,0.0,0.0
USA,0.020582063123583794,0.0026614171040174974,0.0
USA,1.0991065502166748,0.7108903924624125,0.4850243628025055
USA,1.9307098388671875,0.772627629339695,0.0
USA,0.0,0.0,0.0
USA,0.008441120386123657,0.0007705104322667467,0.0
USA,0.02720607817173004,0.0024379967697785577,0.0
USA,0.0005775820463895798,4.2287253459757526e-05,0.0
USA,0.0,0.0,0.0
USA,0.028145089745521545,0.004675606419914402,0.0
USA,0.0,0.0,0.0
USA,0.0,0.0,0.0
USA,0.07135447859764099,0.021428199962247162,0.0
USA,0.5391873121261597,0.18333028860035397,0.0
USA,4.170811653137207,1.7805349051952362,0.0
USA,0.9014212489128113,0.32879410627356265,0.0
USA,0.0,0.0,0.0
USA,0.013525044545531273,0.0007229802210354643,0.0
USA,0.0,0.0,0.0
USA,0.5856667757034302,0.021539059485381325,0.0
USA,0.0,0.0,0.0
USA,0.0,0.0,0.0
USA,0.5837727785110474,0.02788585720349407,0.0
USA,0.027123142033815384,0.0034023685287631147,0.0
USA,6.109575271606445,3.4226257105668387,0.0
USA,0.4161625802516937,0.06313777833862265,0.0
USA,0.0,0.0,0.0
USA,0.0,0.0,0.0
USA,0.01485468726605177,0.0006367440273859554,0.0
USA,1.837390661239624,0.9984389791886011,0.0
USA,0.001280632452107966,4.4112785303696e-05,0.0
USA,1.7252143621444702,0.5995978592407136,0.0
USA,0.017447788268327713,0.004878562286739907,0.0
USA,1.7139453887939453,0.4230878293514252,0.0
USA,0.9118172526359558,0.37631849476269313,0.0
USA,2.226008653640747,1.0416455364061727,0.0
USA,9.626366227166727e-05,4.010985927986137e-06,0.0
USA,0.0,0.0,0.0
USA,1.0006372928619385,0.4543415525129863,0.0
USA,0.11662279069423676,0.023973335765832517,0.0
USA,0.005577275063842535,0.00038539842898899224,0.0
USA,0.21527531743049622,0.028293796297576692,0.0
USA,0.005492552183568478,0.0005134034453272316,0.0
USA,1.7580963373184204,0.3793653477630208,0.0
USA,0.0,0.0,0.0
USA,0.03473338112235069,0.003544603026966797,0.0
USA,0.0,0.0,0.0
USA,0.0,0.0,0.0
USA,0.9472771883010864,0.5577013269066811,0.0
USA,0.0,0.0,0.0
USA,0.0,0.0,0.0
USA,1.7833226919174194,0.9523601651191711,0.6379231810569763
USA,0.0,0.0,0.0
USA,0.09571907669305801,0.0028850107342929155,0.0
USA,0.00023464267724193633,2.3865366165409797e-05,0.0
USA,0.0,0.0,0.0
USA,0.0,0.0,0.0
USA,0.0,0.0,0.0
USA,0.0,0.0,0.0
USA,0.035104282200336456,0.001169302894268185,0.0
USA,0.0,0.0,0.0
USA,0.0,0.0,0.0
USA,0.5438967943191528,0.26783785436834606,0.0
USA,0.013525044545531273,0.0007463776237273123,0.0
USA,0.0,0.0,0.0
USA,0.005492552183568478,0.000365227621798459,0.0
USA,0.02137766033411026,0.0004122834486354675,0.0
USA,2.1463050842285156,0.7445429248868355,0.0
USA,0.06558932363986969,0.004406433777654052,0.0
USA,1.265244483947754,0.4124408778734505,0.0
USA,0.01485468726605177,0.0024446959256238187,0.0
USA,0.0,0.0,0.0
USA,0.018632974475622177,0.0020084384820490543,0.0
USA,0.0,0.0,0.0
USA,0.020865149796009064,0.005304528887972992,0.0
USA,0.009909141808748245,0.0025959100780103958,0.0
USA,1.9846913814544678,0.4026376399810293,0.0
USA,4.8870930671691895,3.4360090295473733,0.0
USA,0.0,0.0,0.0
USA,0.075473353266716,0.007047840948507656,0.0
USA,0.14370010793209076,0.004112785905454075,0.0
USA,0.0011862345272675157,1.9475492133226778e-05,0.0
USA,0.075473353266716,0.006289446200147116,0.0
USA,1.279414415359497,0.18968539104664867,0.0
USA,0.0,0.0,0.0
USA,0.0,0.0,0.0
USA,0.037658222019672394,0.0014592560856336995,0.0
USA,0.008802108466625214,0.000944186073562984,0.0
USA,0.5173017382621765,0.01852868525540024,0.0
USA,0.014155089855194092,0.0002948977053165436,0.0
USA,0.0,0.0,0.0
USA,2.9030954837799072,0.2706601385337611,0.0
USA,2.073853015899658,0.12608537759625246,0.0
USA,0.19213536381721497,0.03605263240474631,0.0
USA,3.6553502082824707,1.4729682902495067,0.0
USA,0.0,0.0,0.0
USA,1.7476869821548462,0.8527866282633373,0.0
USA,1.946340560913086,0.8946224070257611,0.0
USA,1.7580963373184204,0.8784678251890662,0.0
USA,0.0,0.0,0.0
USA,0.0,0.0,0.0
USA,0.0015161526389420033,7.735472733786862e-05,0.0
USA,1.0246174335479736,0.22769136714438598,0.00392273161560297
USA,0.0196207407861948,0.003897264909574005,0.0
USA,0.4995567202568054,0.06079807608491845,0.0
USA,5.834841251373291,3.669265535899571,0.0
USA,1.0609428882598877,0.3918122255376407,0.0017693862318992615
USA,0.2133573740720749,0.04975069429104527,0.0
USA,0.0,0.0,0.0
USA,0.8368398547172546,0.12355040356383792,0.0
USA,0.30463936924934387,0.07277878972402374,0.00039227312663570046
USA,0.0,0.0,0.0
USA,1.023698091506958,0.4179440513253212,0.0
USA,0.050250183790922165,0.004521913125548356,0.0
USA,0.028644457459449768,0.0029155570387263737,0.0
USA,0.0,0.0,0.0
USA,1.3691956996917725,0.39438234163182123,0.0
USA,0.0,0.0,0.0
USA,0.0,0.0,0.0
USA,0.043620772659778595,0.0027459119051595087,0.0
USA,0.6378352642059326,0.11081766872251007,0.0
USA,0.9633501172065735,0.8307206829388937,0.5930851101875305
USA,0.0,0.0,0.0
USA,4.654360294342041,2.3005431663422358,0.0
USA,1.7580963373184204,1.1295401215553285,0.0
USA,1.844567894935608,1.0762958918298995,0.0
USA,0.3833429217338562,0.06531274161950153,0.0
USA,0.0,0.0,0.0
USA,0.00290282117202878,8.405852739607716e-05,0.0
USA,0.0,0.0,0.0
USA,0.00023464267724193633,2.6739905302343283e-05,0.0
USA,0.002948976820334792,0.0001638320455741551,0.0
USA,3.71006441116333,1.876103825867176,0.0
USA,0.030051833018660545,0.0023248129842873564,0.0
USA,2.969193935394287,1.298385489960106,0.0
USA,1.7139453887939453,0.5362721557418505,0.0
USA,0.0,0.0,0.0
USA,0.0,0.0,0.0
USA,0.028644457459449768,0.003148958232537148,0.0
USA,0.0,0.0,0.0
USA,0.0,0.0,0.0
USA,0.02271261438727379,0.004974023390968796,0.0
USA,1.2466388940811157,0.8601903438568115,0.5398951768875122
USA,0.0,0.0,0.0
USA,0.0,0.0,0.0
USA,0.015293890610337257,0.005953306138205032,0.001744779059663415
USA,0.0,0.0,0.0
USA,1.6940044164657593,0.9366934478282929,0.0
USA,0.028644457459449768,0.0008129519103801743,0.0
USA,0.0,0.0,0.0
USA,1.9625747203826904,0.4873701910279235,0.0
USA,1.2078602313995361,0.3399792668618718,0.0
USA,3.6553502082824707,1.8176433602968851,0.0
USA,0.0017748612444847822,0.0001441089919440163,0.0
USA,0.0,0.0,0.0
USA,0.0,0.0,0.0
USA,1.5656436681747437,0.6898653291165828,0.0
USA,0.0031091475393623114,0.0001623735881775228,0.0
USA,2.4485628604888916,0.5986746877351091,0.0
USA,0.011301667429506779,0.0014597467791342448,0.0
USA,0.0,0.0,0.0
USA,0.11714957654476166,0.005707835219800473,0.0
USA,0.0,0.0,0.0
USA,0.15677568316459656,0.014354490168573517,0.0
USA,0.03652062639594078,0.0037893585065224516,0.0
USA,0.06781503558158875,0.0061863547540269796,0.0
USA,0.0021986968349665403,8.067357642479085e-05,0.0
USA,0.09571907669305801,0.006750974183584428,0.0
USA,0.0,0.0,0.0
USA,0.0,0.0,0.0
USA,4.8131831135833636e-05,1.6043943711944545e-06,0.0
USA,0.8681788444519043,0.34395895252625147,0.03361833840608597
USA,1.523558259010315,0.7504722885787487,0.0
USA,0.010209964588284492,0.0026809430575061317,0.0
USA,0.0,0.0,0.0
USA,0.0,0.0,0.0
USA,0.0,0.0,0.0
USA,0.019999999552965164,0.0006749330372662775,0.0
USA,0.28636446595191956,0.0037522462704895508,0.0
USA,0.22100000083446503,0.007803553863177224,0.0
USA,0.033879999071359634,0.0014264285917826264,0.0
USA,0.06032000109553337,0.004370855064321818,0.0
USA,0.0,0.0,0.0
USA,0.11059999465942383,0.005972912772003011,0.0
USA,0.007999999448657036,0.00011956043590044419,0.0
USA,0.05411999300122261,0.0016476067527617425,0.0
USA,0.06832485646009445,0.0012101500813679938,0.0
USA,0.12375999987125397,0.007947143730254591,0.0
USA,0.03935999795794487,0.0004907999763963744,0.0
USA,0.19711998105049133,0.007319181208256648,0.0
USA,0.14027999341487885,0.0024945896336195936,0.0
USA,0.0,0.0,0.0
USA,0.0029999997932463884,0.00012021243453546049,0.0
USA,0.0,0.0,0.0
USA,0.0,0.0,0.0
USA,0.028832074254751205,0.00025437021075049417,0.0
USA,0.0732399970293045,0.0045147923257541096,0.0
USA,0.026999998837709427,0.00039538459849352826,0.0
USA,0.04315999895334244,0.0010488235001342699,0.0
USA,0.19744980335235596,0.005756923333347703,0.0
USA,0.06880000233650208,0.006794269554666244,0.0
USA,0.0732399970293045,0.0009526983829721483,0.0
USA,0.060680001974105835,0.003143333339620666,0.0
USA,0.008999999612569809,0.00015289047661389015,0.0
USA,0.01711999997496605,0.0002808788900802028,0.0
USA,0.0,0.0,0.0
USA,0.0,0.0,0.0
USA,0.0,0.0,0.0
USA,0.0,0.0,0.0
USA,0.0,0.0,0.0
USA,0.0,0.0,0.0
USA,0.0,0.0,0.0
USA,0.0,0.0,0.0
USA,0.0,0.0,0.0
USA,0.0,0.0,0.0
USA,0.0,0.0,0.0
USA,0.0,0.0,0.0
USA,0.0,0.0,0.0
USA,0.0,0.0,0.0
USA,0.0,0.0,0.0
USA,0.005430073477327824,0.00031572593056976246,0.0
USA,0.006836013402789831,0.001021164828569231,0.0
USA,0.0,0.0,0.0
USA,0.005343835800886154,0.0008592754580604378,0.0
USA,0.0001206065498990938,5.862818549455066e-06,0.0
USA,0.01720266416668892,0.002658029259328032,0.0
USA,0.01260667759925127,0.0010720898791623768,0.0
USA,0.0056742411106824875,0.0009780919450956087,0.0
USA,0.00042145460611209273,3.1320803722272626e-05,0.0
USA,0.004533511120826006,0.000817281817944604,0.0
USA,0.0054300157353281975,0.0006210809474396228,0.0
USA,0.0072527676820755005,0.0021430866405093446,0.0
USA,0.0054300157353281975,0.0006551380679628069,0.0
USA,0.0873984545469284,0.05048555228859186,0.013572650030255318
USA,0.008921351283788681,0.0008972235649101398,0.0
USA,0.020309407263994217,0.00318408453798232,0.0
USA,0.0033003545831888914,0.0002227443132943292,0.0
USA,0.0,0.0,0.0
USA,0.015858646482229233,0.0017320734198230118,0.0
USA,0.05421600490808487,0.004249520273080836,0.0
USA,0.06696102768182755,0.016262678657464374,0.0
USA,0.004581226967275143,0.00022906134836375713,0.0
USA,0.0008035344071686268,5.688479690694034e-05,0.0
USA,0.0037884749472141266,0.003683616640046239,0.003578758332878351
USA,0.00026767683448269963,1.1726794655260164e-05,0.0
USA,0.0,0.0,0.0
USA,0.06261826306581497,0.004784898270781923,0.0
USA,0.0026002894155681133,0.0026002894155681133,0.0026002894155681133
USA,0.0,0.0,0.0
USA,0.005343835800886154,0.004152638139203191,0.0029614404775202274
USA,0.005343835800886154,0.0006935226497565357,0.0
USA,0.0016181381652131677,0.00012935280595099486,0.0
USA,0.0002546138712204993,2.6801459043781505e-05,0.0
USA,0.0015168352983891964,0.0005665118145164646,2.5493030989309773e-05
USA,0.02642717957496643,0.005189629640274991,0.0
USA,0.00031381851295009255,1.0460617098336418e-05,0.0
USA,0.0,0.0,0.0
USA,0.05421600490808487,0.0029987856185269062,0.0
USA,0.0056742411106824875,0.0007305851706607629,0.0
USA,0.0022546728141605854,0.0012981957115698606,0.00034171860897913575
USA,0.0056742411106824875,0.002887373288103845,0.00010050546552520245
USA,0.06261826306581497,0.00453525840859064,0.0
USA,0.01115488726645708,0.0010517907076670477,0.0
USA,0.0015981666510924697,0.0001000130276679556,0.0
USA,0.004945647902786732,8.86900419603638e-05,0.0
USA,0.0014941812260076404,6.579385689696614e-05,0.0
USA,8.04043811513111e-05,4.690255536843324e-05,1.3400729585555382e-05
USA,0.055358242243528366,0.034033945761621,0.01270964927971363
USA,0.0011089469771832228,0.0002159623967600055,0.0
USA,0.0,0.0,0.0
USA,0.0,0.0,0.0
USA,0.055358242243528366,0.0043636486356263045,0.0
USA,0.0024667344987392426,0.0004408791443438531,0.0
USA,0.0013337286654859781,0.00011565171298570931,0.0
USA,0.010189262218773365,0.00031487707981016556,0.0
USA,0.0,0.0,0.0
USA,0.0004468894621822983,9.44978806198075e-06,0.0
USA,0.0,0.0,0.0
USA,0.0,0.0,0.0
USA,0.0003823954612016678,5.693443733131668e-05,0.0
USA,0.006400630809366703,0.0009206665769549242,0.0
USA,0.0,0.0,0.0
USA,0.0,0.0,0.0
USA,0.0,0.0,0.0
USA,0.008469262160360813,0.0002609040219776572,0.0
USA,0.02244286797940731,0.003129740083750221,0.0
USA,0.0004468894621822983,1.6906424843909917e-05,0.0
USA,0.0,0.0,0.0
USA,0.554998517036438,0.11511545898392797,0.0
USA,0.0,0.0,0.0
USA,0.06261826306581497,0.003985181842229697,0.0
USA,0.0011836499907076359,3.485512198018287e-05,0.0
USA,6.700364792777691e-06,2.791818663657371e-07,0.0
USA,0.0030463985167443752,0.0008093785468695892,0.0
USA,0.0023027125280350447,0.0004325320465068216,0.0
USA,0.0006164335063658655,0.00018090983576257713,0.0
USA,0.0006164335063658655,0.00036181967152515426,0.00010720583668444306
USA,0.0,0.0,0.0
USA,0.0008425631676800549,9.361812974222832e-05,0.0
USA,0.0,0.0,0.0
USA,0.0,0.0,0.0
USA,0.00244733109138906,0.0006197572358360049,0.0
USA,0.01053560059517622,0.0017813969359647469,0.0
USA,0.004581226967275143,0.0003054151311516762,0.0
USA,0.0,0.0,0.0
USA,0.0,0.0,0.0
USA,0.005430073477327824,0.0005636515343212523,0.0
USA,0.0,0.0,0.0
USA,0.11988131701946259,0.06043053139001131,0.0
USA,0.0001206065498990938,7.035382259346079e-06,0.0
USA,0.0024667344987392426,0.0003310258858846282,0.0
USA,0.00014070766337681562,2.43755332485307e-05,0.0
USA,0.009237905032932758,0.0011015353581959582,0.0
USA,0.0,0.0,0.0
USA,0.010189262218773365,0.0006547388300866575,0.0
USA,0.0,0.0,0.0
USA,0.0,0.0,0.0
USA,0.0,0.0,0.0
USA,0.0008035344071686268,9.981821818882963e-05,0.0
USA,0.0,0.0,0.0
USA,0.004894616547971964,0.00034216529071879145,0.0
USA,0.014718739315867424,0.0017665090314039843,0.0
USA,0.0007265513995662332,0.0002400593757556635,0.0
USA,0.0016181381652131677,0.00016194986494156183,0.0
USA,0.00401016790419817,4.212155965888087e-05,0.0
USA,0.0054300157353281975,0.0016584633567617857,0.0
USA,0.0054300157353281975,0.0032248685020022094,0.0010537118650972843
USA,0.0006160816410556436,4.0580744042722935e-05,0.0
USA,0.0013568239519372582,6.193108258401026e-05,0.0
USA,0.771614134311676,0.05863675818046821,0.0
USA,0.003874940797686577,0.0025917915627360344,0.001308642327785492
USA,0.771614134311676,0.0963888934784336,0.0
USA,0.0014941812260076404,8.203462101889836e-05,0.0
USA,0.006514109671115875,0.0015360653157282893,0.0
USA,0.0,0.0,0.0
USA,0.00048577645793557167,2.881156947946043e-05,0.0
USA,0.0038627597969025373,0.00022044197667128173,0.0
USA,4.248838376952335e-05,1.2746515267281211e-05,0.0
USA,8.49767675390467e-05,3.399070737941656e-06,0.0
USA,0.0,0.0,0.0
USA,0.0,0.0,0.0
USA,0.0072527676820755005,0.0014526933965498755,0.0
USA,0.004066138528287411,0.00046285785799682344,0.0
USA,0.00887463428080082,0.0010591043841183514,0.0
USA,0.771614134311676,0.0854241147862922,0.0
USA,2.974187009385787e-05,1.487093481955526e-05,0.0
USA,0.016151228919625282,0.0008843284747399593,0.0
USA,0.0,0.0,0.0
USA,4.020219057565555e-05,1.0050547643913887e-05,0.0
USA,0.11988131701946259,0.023606906538563115,0.0
USA,0.06335210800170898,0.006057219025478844,0.0
USA,0.0,0.0,0.0
USA,0.0,0.0,0.0
USA,0.0,0.0,0.0
USA,5.1375107432249933e-05,1.0275021684885194e-06,0.0
USA,0.19907978177070618,0.005886839639278874,0.0
USA,1.3844799995422363,0.03882586262952827,0.0
USA,0.039302803575992584,0.0026068187185696195,0.0
USA,0.0,0.0,0.0
USA,0.0001387127849739045,2.4130731617333367e-06,0.0
USA,0.00026201302534900606,2.268511093166421e-06,0.0
USA,0.04078204184770584,0.0015338437461985014,0.0
USA,0.0,0.0,0.0
USA,0.0,0.0,0.0
USA,0.24143151938915253,0.0014632213296312275,0.0
USA,0.0847284123301506,0.016084244103834723,0.0
USA,0.1677037626504898,0.029150286100856546,0.0
USA,1.4040801525115967,0.06032769340823989,0.0
USA,0.7498799562454224,0.01610916876193945,0.0
USA,0.09016846120357513,0.00957082608430129,0.0
USA,0.03199999779462814,0.0005772713985045223,0.0
USA,0.0003339381655678153,6.393346241869343e-06,0.0
USA,0.0042399996891617775,0.00040412713219882876,0.0
USA,0.002807343378663063,2.6993686333298683e-05,0.0
USA,0.23747999966144562,0.015184881949001769,0.0
USA,0.2529345154762268,0.00729117765970524,0.0
USA,0.046500835567712784,0.014097661626984908,0.0
USA,0.000272288074484095,4.670464406515677e-06,0.0
USA,0.17499107122421265,0.0034323366053134424,0.0
USA,0.10683300346136093,0.017063449730762334,0.0
USA,0.19907978177070618,0.03486915201564053,0.0
USA,0.039302803575992584,0.0005462290434744924,0.0
USA,2.368799924850464,0.18459584627781092,0.0
USA,0.0,0.0,0.0
USA,0.014036716893315315,0.0001180780444711844,0.0
USA,0.013411471620202065,0.001672213057331233,0.0
USA,0.038367025554180145,0.003908705003065431,0.0
USA,0.0,0.0,0.0
USA,0.6102399826049805,0.05780407486385957,0.0
USA,0.0,0.0,0.0
USA,0.023105952888727188,0.0007744339117375692,0.0
USA,0.01836968958377838,0.0017771959948004222,0.0
USA,0.0,0.0,0.0
USA,0.0707080215215683,0.011452596439630725,0.0
USA,0.05836284160614014,0.027593108000499862,0.0
USA,0.03244546055793762,0.00758866326779955,0.0
USA,0.09831570088863373,0.021348170146423703,0.0
USA,0.03669663891196251,0.019644739269278944,0.0
USA,0.12188218533992767,0.03542193075021108,0.0
USA,0.12232526391744614,0.029735448204446582,0.0
USA,0.15836825966835022,0.03544975938608071,0.0
USA,0.04809339717030525,0.018559489647547403,0.0
USA,0.00403026957064867,0.0002827181745033158,0.0
USA,0.9600000381469727,0.037555907975391684,0.0
USA,0.0004589750024024397,1.5159575650613987e-05,0.0
USA,0.0,0.0,0.0
USA,0.0007839426398277283,3.7139163876937734e-05,0.0
USA,0.024896185845136642,0.00537081111309817,0.0
USA,0.04860047250986099,0.015841102693229914,0.0
USA,0.012060657143592834,0.0011511226803122554,0.0
USA,0.15836825966835022,0.022152387859283147,0.0
USA,0.05836284160614014,0.021755375464757285,0.0
USA,0.08044011145830154,0.0206287938344758,0.0
USA,0.05362476035952568,0.007547145939731438,0.0
USA,0.008551602251827717,0.0016524461005333467,0.0
USA,0.026550114154815674,0.0035253014633781278,0.0
USA,0.02457936480641365,0.0034008168108509078,0.0
USA,0.011037439107894897,0.0016195587634229014,0.0
USA,0.01626880094408989,0.003788547741714865,0.0
USA,0.0029950630851089954,0.0002741406396775606,0.0
USA,0.12190182507038116,0.009903149510916722,0.0
USA,0.009653573855757713,0.0018323163510233695,0.0
USA,0.009287961758673191,0.0010693795957195107,0.0
USA,0.0,0.0,0.0
USA,0.9600000381469727,0.07056227660979386,0.0
USA,0.03689032793045044,0.017974659949282393,0.0007365731871686876
USA,0.01304627489298582,0.0021522217345288177,0.0
USA,0.20190653204917908,0.053063434362411496,0.0
USA,0.08967221528291702,0.00965472575323171,0.0
USA,0.015749208629131317,0.0025398227388601907,0.0
USA,0.059023402631282806,0.01650565054122126,0.0
USA,0.046966664493083954,0.006846328154400301,0.0
USA,0.2011795938014984,0.01665765854919631,0.0
USA,0.20190653204917908,0.06067353952676058,0.0
USA,0.04860047250986099,0.014720539990812541,0.0
USA,0.05638208985328674,0.01050865301125062,0.0
USA,0.0015380794648081064,0.0003232976720255465,0.0
USA,0.017030466347932816,0.0014938219840890572,0.0
USA,0.20190653204917908,0.03480537881356819,0.0
USA,0.052781350910663605,0.017476089159026743,0.0
USA,0.18256020545959473,0.030501156260392497,0.0
USA,0.13320109248161316,0.03447087083218826,0.0
USA,0.0072916471399366856,0.0010894778967364498,0.0
USA,0.08319249004125595,0.020244450005702675,0.0
USA,0.08319249004125595,0.025060026081545013,0.0
USA,0.05362476035952568,0.0038327174771438876,0.0
USA,0.0,0.0,0.0
USA,0.12600000202655792,0.0015000000241256895,0.0
USA,0.0,0.0,0.0
USA,0.10499999672174454,0.0012962962558240067,0.0
USA,0.0,0.0,0.0
USA,0.0,0.0,0.0
USA,0.0,0.0,0.0
USA,0.10340000689029694,0.006500000320374966,0.0
USA,0.0,0.0,0.0
USA,0.3571600019931793,0.03927265229273816,0.0
USA,0.03099999949336052,0.0008611110970377922,0.0
USA,0.04752113297581673,0.011249157978454605,0.0
USA,0.05199999734759331,0.012777777371445188,0.0
USA,0.0,0.0,0.0
USA,0.0,0.0,0.0
USA,0.0,0.0,0.0
USA,0.0,0.0,0.0
USA,0.0,0.0,0.0
USA,0.0012799999676644802,7.142856858471143e-05,0.0
USA,0.0,0.0,0.0
USA,0.0005599999567493796,9.999999227667494e-06,0.0
USA,0.08299999684095383,0.016416666337237176,0.0
USA,0.06499999761581421,0.02167999926954508,0.0
USA,0.0,0.0,0.0
USA,0.08100000023841858,0.028199999034404753,0.0
USA,0.12600000202655792,0.006107142727289881,0.0
USA,0.0,0.0,0.0
USA,0.025999998673796654,0.002233333264787992,0.0
USA,0.0,0.0,0.0
USA,0.0696776807308197,0.015484106431055503,0.0
USA,0.0,0.0,0.0
USA,0.1531199961900711,0.022127568281333273,0.0
USA,0.08299999684095383,0.04628571269235441,0.0
USA,0.0,0.0,0.0
USA,0.0,0.0,0.0
USA,0.0,0.0,0.0
USA,0.24748000502586365,0.04065066647793477,0.0
USA,0.032239995896816254,0.002840937800485537,0.0
USA,0.0,0.0,0.0
USA,0.0175199992954731,0.0032155555026191804,0.0
USA,0.006840343587100506,0.000864548757817829,0.0
USA,0.08100000023841858,0.0033750000099341073,0.0
USA,0.025599997490644455,0.0012909953866255819,0.0
USA,0.0,0.0,0.0
USA,0.10340000689029694,0.003446666896343231,0.0
USA,0.0,0.0,0.0
USA,0.03500000014901161,0.0012500000053218433,0.0
USA,0.03500000014901161,0.0008750000037252903,0.0
USA,0.0,0.0,0.0
USA,0.22652001678943634,0.019439047701390728,0.0
USA,0.0,0.0,0.0
USA,0.013279439881443977,0.0016982993329293095,0.0
USA,0.0,0.0,0.0
USA,0.03199999779462814,0.003428571267120008,0.0
USA,0.0,0.0,0.0
USA,0.0,0.0,0.0
USA,0.0,0.0,0.0
USA,0.0,0.0,0.0
USA,0.229559987783432,0.02488145364702425,0.0
USA,0.0,0.0,0.0
USA,0.3065999746322632,0.017948799058794974,0.0
USA,0.0,0.0,0.0
USA,0.28759971261024475,0.026772574940960938,0.0
USA,0.0,0.0,0.0
USA,0.007999999448657036,0.0007916666315092394,0.0
USA,0.0,0.0,0.0
USA,0.0,0.0,0.0
USA,0.0,0.0,0.0
USA,0.1955999881029129,0.015195237361781654,0.0
USA,0.0,0.0,0.0
USA,0.01071999967098236,0.0004466666529575984,0.0
USA,0.05828000232577324,0.002087619078035156,0.0
USA,0.0676800012588501,0.006346969803086144,0.0
USA,0.0,0.0,0.0
USA,0.02800000086426735,0.0004222041716275271,0.0
USA,0.18887999653816223,0.020339699636653615,0.0
USA,0.0676800012588501,0.0014171177563023307,0.0
USA,0.020940100774168968,0.0013914546942404822,0.0
USA,0.15399999916553497,0.002426831228366321,0.0
USA,0.27859997749328613,0.015270903832952645,0.0
USA,0.13099999725818634,0.0031666665500591673,0.0
USA,0.0,0.0,0.0
USA,0.08960000425577164,0.003911923045402195,0.0
USA,0.0,0.0,0.0
USA,0.14000000059604645,0.0017833333346061408,0.0
USA,0.032999999821186066,0.0023796731477533388,0.0
USA,0.0003999999607913196,1.420118221214052e-06,0.0
USA,0.04452100396156311,0.00410413460257197,0.0
USA,0.008999999612569809,8.999999612569808e-05,0.0
USA,0.0,0.0,0.0
USA,0.21147999167442322,0.00898817389866318,0.0
USA,0.005439999513328075,0.00010636363243644486,0.0
USA,0.008119999431073666,0.00021818180511064538,0.0
USA,0.03099999949336052,0.00024218749604187906,0.0
USA,0.025999998673796654,0.0005910668052344838,0.0
